"time" "N1" "N2" "N3"
"1" 0 0.11 0.12 0.13
"2" 0.25 0.1297 0.1415 0.1533
"3" 0.5 0.1529 0.1668 0.1807
"4" 0.75 0.1803 0.1967 0.2131
"5" 1 0.2126 0.2319 0.2512
"6" 1.25 0.2506 0.2734 0.2962
"7" 1.5 0.2955 0.3223 0.3492
"8" 1.75 0.3483 0.38 0.4116
"9" 2 0.4105 0.4479 0.4852
"10" 2.25 0.4839 0.5279 0.5719
"11" 2.5 0.5703 0.6221 0.674
"12" 2.75 0.6721 0.7331 0.7943
"13" 3 0.7919 0.8639 0.9359
"14" 3.25 0.9329 1.0177 1.1027
"15" 3.5 1.0989 1.1988 1.2989
"16" 3.75 1.2941 1.4118 1.5297
"17" 4 1.5236 1.6622 1.8011
"18" 4.25 1.7934 1.9564 2.12
"19" 4.5 2.1101 2.3019 2.4946
"20" 4.75 2.4817 2.7073 2.9341
"21" 5 2.9171 3.1823 3.4493
"22" 5.25 3.4268 3.7384 4.0525
"23" 5.5 4.0224 4.3881 4.7575
"24" 5.75 4.7168 5.1456 5.5799
"25" 6 5.5242 6.0264 6.5366
"26" 6.25 6.4596 7.0468 7.6458
"27" 6.5 7.5378 8.223 8.9257
"28" 6.75 8.7719 9.5692 10.3929
"29" 7 10.1701 11.0944 12.0592
"30" 7.25 11.7295 12.7952 13.9248
"31" 7.5 13.4241 14.6432 15.9666
"32" 7.75 15.1835 16.5603 18.117
"33" 8 16.8545 18.3764 20.2311
"34" 8.25 18.1738 19.7896 22.0742
"35" 8.5 18.9042 20.4976 23.2653
"36" 8.75 19.1865 20.6152 23.7551
"37" 9 19.3323 20.4845 23.9251
"38" 9.25 19.4906 20.2743 23.9863
"39" 9.5 19.7051 20.029 23.9955
"40" 9.75 19.991 19.7569 23.9623
"41" 10 20.3584 19.4578 23.8849
"42" 10.25 20.817 19.13 23.7587
"43" 10.5 21.3777 18.7706 23.578
"44" 10.75 22.053 18.3768 23.3361
"45" 11 22.8024 17.9496 23.0324
"46" 11.25 23.4559 17.5288 22.7273
"47" 11.5 24.0209 17.1385 22.4587
"48" 11.75 24.5114 16.7801 22.2302
"49" 12 24.9391 16.4505 22.038
"50" 12.25 25.3141 16.1457 21.8771
"51" 12.5 25.6459 15.862 21.7427
"52" 12.75 25.9422 15.5962 21.6302
"53" 13 26.2098 15.3452 21.5357
"54" 13.25 26.4556 15.1093 21.44
"55" 13.5 26.6869 14.8942 21.333
"56" 13.75 26.9048 14.7033 21.216
"57" 14 27.1085 14.5391 21.0888
"58" 14.25 27.2968 14.4036 20.9512
"59" 14.5 27.4684 14.299 20.8026
"60" 14.75 27.6218 14.2276 20.6426
"61" 15 27.7556 14.1916 20.4709
"62" 15.25 27.8683 14.1934 20.2869
"63" 15.5 27.9582 14.2357 20.0902
"64" 15.75 28.0236 14.3213 19.8804
"65" 16 28.0626 14.4532 19.6568
"66" 16.25 28.0731 14.6351 19.4188
"67" 16.5 28.0528 14.8707 19.1658
"68" 16.75 27.9992 15.1645 18.8969
"69" 17 27.9092 15.5216 18.6111
"70" 17.25 27.7796 15.9477 18.3074
"71" 17.5 27.6065 16.4497 17.9845
"72" 17.75 27.3855 17.0353 17.6407
"73" 18 27.1114 17.7137 17.2742
"74" 18.25 26.7788 18.4896 16.8832
"75" 18.5 26.4057 19.2881 16.478
"76" 18.75 26.0176 20.0965 16.0721
"77" 19 25.6184 20.9174 15.6678
"78" 19.25 25.2094 21.7498 15.2656
"79" 19.5 24.7912 22.5925 14.866
"80" 19.75 24.3647 23.4441 14.4694
"81" 20 23.9306 24.3032 14.0762
"82" 20.25 23.4898 25.1684 13.6868
"83" 20.5 23.0431 26.0383 13.3015
"84" 20.75 22.5961 26.8755 12.9229
"85" 21 22.1979 27.5553 12.5737
"86" 21.25 21.8726 28.1026 12.2645
"87" 21.5 21.6137 28.5465 11.9913
"88" 21.75 21.4096 28.9106 11.7478
"89" 22 21.249 29.2136 11.5281
"90" 22.25 21.1222 29.47 11.3274
"91" 22.5 20.9964 29.6944 11.1449
"92" 22.75 20.8588 29.8998 10.9858
"93" 23 20.7117 30.0892 10.8526
"94" 23.25 20.5557 30.2628 10.7465
"95" 23.5 20.3909 30.4201 10.6684
"96" 23.75 20.2171 30.5603 10.6192
"97" 24 20.0346 30.6828 10.6001
"98" 24.25 19.8431 30.7868 10.612
"99" 24.5 19.6428 30.8716 10.6563
"100" 24.75 19.4335 30.9361 10.7342
"101" 25 19.215 30.9795 10.8474
"102" 25.25 18.9873 31.0005 10.9977
"103" 25.5 18.7501 30.9978 11.1872
"104" 25.75 18.503 30.97 11.4186
"105" 26 18.2457 30.9153 11.6946
"106" 26.25 17.9776 30.8317 12.0186
"107" 26.5 17.698 30.7168 12.3947
"108" 26.75 17.4063 30.5681 12.8273
"109" 27 17.1014 30.3823 13.3218
"110" 27.25 16.7824 30.1559 13.8844
"111" 27.5 16.4479 29.8848 14.5223
"112" 27.75 16.098 29.5676 15.223
"113" 28 15.7427 29.2252 15.9387
"114" 28.25 15.387 28.8681 16.6715
"115" 28.5 15.0316 28.4977 17.4216
"116" 28.75 14.6768 28.1146 18.188
"117" 29 14.323 27.7195 18.9698
"118" 29.25 13.9706 27.3129 19.7659
"119" 29.5 13.6198 26.8954 20.5752
"120" 29.75 13.271 26.4679 21.3965
"121" 30 12.9245 26.0311 22.2285
"122" 30.25 12.5807 25.5857 23.0699
"123" 30.5 12.2399 25.1325 23.9194
"124" 30.75 11.9024 24.6724 24.7756
"125" 31 11.5685 24.2062 25.6372
"126" 31.25 11.2385 23.7348 26.5028
"127" 31.5 10.9128 23.259 27.371
"128" 31.75 10.5915 22.7798 28.2405
"129" 32 10.2761 22.3006 29.0841
"130" 32.25 9.9858 21.8739 29.7467
"131" 32.5 9.7333 21.5349 30.2552
"132" 32.75 9.5142 21.2739 30.6518
"133" 33 9.3216 21.0746 30.9666
"134" 33.25 9.1495 20.9226 31.2215
"135" 33.5 8.9951 20.7841 31.4353
"136" 33.75 8.8626 20.6334 31.627
"137" 34 8.754 20.4741 31.8025
"138" 34.25 8.67 20.3073 31.963
"139" 34.5 8.6109 20.1332 32.1083
"140" 34.75 8.5772 19.952 32.2381
"141" 35 8.5692 19.7639 32.3522
"142" 35.25 8.5874 19.5689 32.4502
"143" 35.5 8.6324 19.3673 32.5316
"144" 35.75 8.7052 19.159 32.5958
"145" 36 8.8066 18.9441 32.6423
"146" 36.25 8.9379 18.7225 32.6703
"147" 36.5 9.1004 18.494 32.6789
"148" 36.75 9.2959 18.2586 32.667
"149" 37 9.5265 18.0161 32.6335
"150" 37.25 9.7944 17.766 32.5769
"151" 37.5 10.1025 17.5079 32.4955
"152" 37.75 10.454 17.2415 32.3873
"153" 38 10.8528 16.9661 32.2503
"154" 38.25 11.303 16.681 32.0817
"155" 38.5 11.8098 16.3854 31.8786
"156" 38.75 12.379 16.0782 31.6376
"157" 39 13.007 15.759 31.3562
"158" 39.25 13.6553 15.4343 31.0488
"159" 39.5 14.3226 15.1085 30.7254
"160" 39.75 15.0092 14.7823 30.3874
"161" 40 15.7148 14.456 30.0355
"162" 40.25 16.4386 14.1299 29.6698
"163" 40.5 17.1798 13.8042 29.2909
"164" 40.75 17.9375 13.4792 28.8993
"165" 41 18.7109 13.1552 28.4954
"166" 41.25 19.4989 12.8324 28.0799
"167" 41.5 20.3004 12.5112 27.6534
"168" 41.75 21.1141 12.1919 27.2167
"169" 42 21.939 11.8746 26.7704
"170" 42.25 22.7738 11.5599 26.3154
"171" 42.5 23.617 11.2478 25.8524
"172" 42.75 24.4675 10.9388 25.3823
"173" 43 25.3238 10.6331 24.906
"174" 43.25 26.1846 10.3309 24.4242
"175" 43.5 27.0485 10.0326 23.9379
"176" 43.75 27.9143 9.7383 23.4479
"177" 44 28.7805 9.4484 22.9551
"178" 44.25 29.646 9.163 22.4604
"179" 44.5 30.4299 8.8867 21.9776
"180" 44.75 31.0104 8.6414 21.5745
"181" 45 31.4484 8.4308 21.2643
"182" 45.25 31.7857 8.2487 21.0302
"183" 45.5 32.0512 8.0886 20.8543
"184" 45.75 32.2663 7.9458 20.71
"185" 46 32.4541 7.8227 20.5549
"186" 46.25 32.6253 7.7218 20.3914
"187" 46.5 32.782 7.6438 20.221
"188" 46.75 32.9244 7.5887 20.0442
"189" 47 33.0525 7.5565 19.8612
"190" 47.25 33.1662 7.5476 19.6722
"191" 47.5 33.2652 7.562 19.4775
"192" 47.75 33.3493 7.6003 19.2771
"193" 48 33.4181 7.6629 19.0712
"194" 48.25 33.4711 7.7505 18.8599
"195" 48.5 33.5078 7.864 18.643
"196" 48.75 33.5275 8.0046 18.4207
"197" 49 33.5294 8.1734 18.1927
"198" 49.25 33.5125 8.3721 17.959
"199" 49.5 33.4757 8.6026 17.7193
"200" 49.75 33.4176 8.8671 17.4734
"201" 50 33.3367 9.1681 17.2208
"202" 50.25 33.2313 9.5085 16.9611
"203" 50.5 33.0992 9.8919 16.6938
"204" 50.75 32.9381 10.3223 16.4183
"205" 51 32.7452 10.8041 16.1338
"206" 51.25 32.5175 11.3426 15.8394
"207" 51.5 32.253 11.9334 15.535
"208" 51.75 31.9647 12.5443 15.226
"209" 52 31.6603 13.175 14.9158
"210" 52.25 31.3412 13.8259 14.6051
"211" 52.5 31.0075 14.4965 14.294
"212" 52.75 30.6596 15.1864 13.9828
"213" 53 30.2978 15.8949 13.6716
"214" 53.25 29.9224 16.6214 13.3608
"215" 53.5 29.5338 17.365 13.0504
"216" 53.75 29.1327 18.125 12.7409
"217" 54 28.7195 18.9002 12.4325
"218" 54.25 28.2949 19.6898 12.1254
"219" 54.5 27.8596 20.4925 11.8199
"220" 54.75 27.4141 21.3072 11.5163
"221" 55 26.9594 22.1327 11.2149
"222" 55.25 26.4961 22.9678 10.9159
"223" 55.5 26.0251 23.811 10.6196
"224" 55.75 25.5472 24.6612 10.3263
"225" 56 25.0634 25.5168 10.0362
"226" 56.25 24.5744 26.3767 9.7497
"227" 56.5 24.0811 27.2395 9.4669
"228" 56.75 23.5844 28.1037 9.188
"229" 57 23.0851 28.9682 8.9133
"230" 57.25 22.5842 29.8317 8.6431
"231" 57.5 22.0843 30.6716 8.3779
"232" 57.75 21.6402 31.3144 8.1347
"233" 58 21.2944 31.7891 7.9258
"234" 58.25 21.0342 32.1482 7.7467
"235" 58.5 20.8401 32.4262 7.5908
"236" 58.75 20.6897 32.6469 7.4525
"237" 59 20.5337 32.8349 7.3323
"238" 59.25 20.3688 33.0053 7.2334
"239" 59.5 20.1973 33.1612 7.1564
"240" 59.75 20.0197 33.3035 7.1012
"241" 60 19.8364 33.432 7.0678
"242" 60.25 19.6475 33.5467 7.0564
"243" 60.5 19.4534 33.6476 7.0669
"244" 60.75 19.2541 33.7344 7.0998
"245" 61 19.0498 33.8067 7.1553
"246" 61.25 18.8406 33.8643 7.2341
"247" 61.5 18.6265 33.9067 7.3369
"248" 61.75 18.4074 33.9333 7.4645
"249" 62 18.1834 33.9434 7.6182
"250" 62.25 17.9542 33.9362 7.7993
"251" 62.5 17.7198 33.9106 8.0093
"252" 62.75 17.4798 33.8655 8.2503
"253" 63 17.2341 33.7996 8.5244
"254" 63.25 16.9821 33.7112 8.8343
"255" 63.5 16.7235 33.5986 9.183
"256" 63.75 16.4577 33.4597 9.5739
"257" 64 16.1841 33.292 10.011
"258" 64.25 15.902 33.0929 10.4989
"259" 64.5 15.6105 32.8592 11.0429
"260" 64.75 15.3111 32.5935 11.6228
"261" 65 15.0093 32.3091 12.2217
"262" 65.25 14.7066 32.0094 12.8409
"263" 65.5 14.4033 31.6949 13.4805
"264" 65.75 14.0996 31.3658 14.1399
"265" 66 13.7957 31.0223 14.8189
"266" 66.25 13.4918 30.6646 15.5168
"267" 66.5 13.1882 30.2933 16.233
"268" 66.75 12.8849 29.9085 16.9668
"269" 67 12.5824 29.5109 17.7173
"270" 67.25 12.2808 29.101 18.4837
"271" 67.5 11.9804 28.6793 19.2648
"272" 67.75 11.6815 28.2465 20.0598
"273" 68 11.3843 27.8032 20.8673
"274" 68.25 11.089 27.3503 21.6863
"275" 68.5 10.7961 26.8884 22.5155
"276" 68.75 10.5056 26.4184 23.3536
"277" 69 10.218 25.9412 24.1993
"278" 69.25 9.9334 25.4574 25.0513
"279" 69.5 9.6521 24.9681 25.9082
"280" 69.75 9.3744 24.4741 26.7687
"281" 70 9.1004 23.9762 27.6315
"282" 70.25 8.8304 23.4753 28.4952
"283" 70.5 8.5646 22.9723 29.3586
"284" 70.75 8.3031 22.4681 30.2203
"285" 71 8.0478 21.9686 31.0367
"286" 71.25 7.8176 21.5386 31.6418
"287" 71.5 7.621 21.2082 32.0881
"288" 71.75 7.4523 20.961 32.4255
"289" 72 7.3052 20.7773 32.6866
"290" 72.25 7.1748 20.6275 32.8951
"291" 72.5 7.0633 20.4674 33.0761
"292" 72.75 6.9728 20.2995 33.2408
"293" 73 6.9038 20.1254 33.3917
"294" 73.25 6.856 19.9454 33.5291
"295" 73.5 6.8296 19.7601 33.6531
"296" 73.75 6.8244 19.5695 33.7636
"297" 74 6.8407 19.3739 33.8606
"298" 74.25 6.8787 19.1734 33.9437
"299" 74.5 6.9387 18.9682 34.0128
"300" 74.75 7.0214 18.7583 34.0675
"301" 75 7.1273 18.5438 34.1073
"302" 75.25 7.2576 18.3246 34.1317
"303" 75.5 7.4132 18.1007 34.1399
"304" 75.75 7.5956 17.8719 34.1311
"305" 76 7.8063 17.6381 34.1043
"306" 76.25 8.0472 17.399 34.0585
"307" 76.5 8.3205 17.1544 33.9921
"308" 76.75 8.6288 16.9038 33.9038
"309" 77 8.9751 16.6469 33.7917
"310" 77.25 9.3627 16.3831 33.6538
"311" 77.5 9.7956 16.1117 33.4876
"312" 77.75 10.2783 15.8321 33.2906
"313" 78 10.8157 15.5435 33.0595
"314" 78.25 11.3866 15.2476 32.7979
"315" 78.5 11.9767 14.9494 32.518
"316" 78.75 12.5872 14.6504 32.2229
"317" 79 13.2182 14.3508 31.9129
"318" 79.25 13.8692 14.0507 31.5882
"319" 79.5 14.5399 13.7503 31.249
"320" 79.75 15.2298 13.4499 30.8956
"321" 80 15.9382 13.1497 30.5283
"322" 80.25 16.6645 12.8498 30.1475
"323" 80.5 17.4079 12.5505 29.7536
"324" 80.75 18.1674 12.252 29.3471
"325" 81 18.9422 11.9547 28.9287
"326" 81.25 19.7312 11.6587 28.4989
"327" 81.5 20.5333 11.3643 28.0583
"328" 81.75 21.3473 11.0717 27.6078
"329" 82 22.1721 10.7813 27.1481
"330" 82.25 23.0062 10.4933 26.6799
"331" 82.5 23.8485 10.208 26.204
"332" 82.75 24.6977 9.9256 25.7214
"333" 83 25.5523 9.6464 25.2329
"334" 83.25 26.4111 9.3706 24.7393
"335" 83.5 27.2727 9.0984 24.2415
"336" 83.75 28.1358 8.83 23.7403
"337" 84 28.999 8.5658 23.2368
"338" 84.25 29.8613 8.3057 22.7316
"339" 84.5 30.7212 8.0501 22.2256
"340" 84.75 31.4457 7.8068 21.746
"341" 85 31.969 7.5954 21.3611
"342" 85.25 32.3585 7.4152 21.0707
"343" 85.5 32.6555 7.2597 20.8548
"344" 85.75 32.8875 7.1228 20.6938
"345" 86 33.0791 7.0028 20.5389
"346" 86.25 33.2506 6.903 20.374
"347" 86.5 33.4077 6.8243 20.2024
"348" 86.75 33.5512 6.7667 20.0249
"349" 87 33.6815 6.7302 19.842
"350" 87.25 33.7985 6.7146 19.6538
"351" 87.5 33.9022 6.7201 19.4606
"352" 87.75 33.9923 6.7468 19.2626
"353" 88 34.0688 6.7951 19.0599
"354" 88.25 34.1312 6.8652 18.8526
"355" 88.5 34.1792 6.958 18.6408
"356" 88.75 34.2123 7.0741 18.4244
"357" 89 34.2299 7.2145 18.2035
"358" 89.25 34.2312 7.3805 17.978
"359" 89.5 34.2153 7.5734 17.7477
"360" 89.75 34.1813 7.7951 17.5123
"361" 90 34.1278 8.0473 17.2717
"362" 90.25 34.0536 8.3326 17.0256
"363" 90.5 33.9569 8.6534 16.7735
"364" 90.75 33.836 9.0131 16.515
"365" 91 33.6886 9.415 16.2494
"366" 91.25 33.5123 9.8633 15.9763
"367" 91.5 33.3044 10.3627 15.6948
"368" 91.75 33.0622 10.9132 15.4044
"369" 92 32.7952 11.4865 15.109
"370" 92.25 32.5118 12.0798 14.8122
"371" 92.5 32.2134 12.6937 14.5147
"372" 92.75 31.9001 13.3279 14.2166
"373" 93 31.5722 13.9822 13.9181
"374" 93.25 31.2299 14.656 13.6194
"375" 93.5 30.8734 15.3489 13.3206
"376" 93.75 30.5031 16.0602 13.0221
"377" 94 30.1193 16.7893 12.724
"378" 94.25 29.7226 17.5353 12.4265
"379" 94.5 29.3133 18.2973 12.1299
"380" 94.75 28.8922 19.0744 11.8344
"381" 95 28.4598 19.8655 11.5403
"382" 95.25 28.0169 20.6695 11.2479
"383" 95.5 27.564 21.4852 10.9574
"384" 95.75 27.1021 22.3114 10.6691
"385" 96 26.6319 23.1468 10.3832
"386" 96.25 26.1542 23.9902 10.1
"387" 96.5 25.6698 24.8401 9.8197
"388" 96.75 25.1797 25.6953 9.5427
"389" 97 24.6846 26.5545 9.2691
"390" 97.25 24.1856 27.4162 8.9991
"391" 97.5 23.6833 28.2792 8.733
"392" 97.75 23.1787 29.1422 8.471
"393" 98 22.6727 30.004 8.2132
"394" 98.25 22.1661 30.8618 7.9599
"395" 98.5 21.6936 31.5604 7.721
"396" 98.75 21.3189 32.0662 7.5146
"397" 99 21.0373 32.4432 7.3387
"398" 99.25 20.8281 32.7311 7.1866
"399" 99.5 20.6707 32.9565 7.0526
"400" 99.75 20.5139 33.1445 6.9357
"401" 100 20.3478 33.3138 6.8391
"402" 100.25 20.1752 33.4688 6.7635
"403" 100.5 19.9968 33.6104 6.709
"404" 100.75 19.813 33.7388 6.6753
"405" 101 19.6241 33.854 6.6625
"406" 101.25 19.4303 33.9559 6.6707
"407" 101.5 19.2317 34.0444 6.6999
"408" 101.75 19.0285 34.1193 6.7505
"409" 102 18.8208 34.1801 6.8229
"410" 102.25 18.6086 34.2266 6.9179
"411" 102.5 18.3919 34.2582 7.0361
"412" 102.75 18.1708 34.2744 7.1786
"413" 103 17.945 34.2743 7.3465
"414" 103.25 17.7145 34.257 7.5414
"415" 103.5 17.479 34.2216 7.7648
"416" 103.75 17.2383 34.1668 8.019
"417" 104 16.9921 34.0912 8.3061
"418" 104.25 16.74 33.9931 8.6288
"419" 104.5 16.4814 33.8708 8.9903
"420" 104.75 16.2159 33.722 9.3941
"421" 105 15.9428 33.5442 9.8444
"422" 105.25 15.6614 33.3347 10.3459
"423" 105.5 15.3712 33.0913 10.8968
"424" 105.75 15.0765 32.8241 11.4693
"425" 106 14.7805 32.5408 12.0619
"426" 106.25 14.4837 32.2425 12.6751
"427" 106.5 14.1864 31.9294 13.3086
"428" 106.75 13.8887 31.6016 13.9622
"429" 107 13.5907 31.2594 14.6353
"430" 107.25 13.2928 30.903 15.3276
"431" 107.5 12.995 30.5328 16.0383
"432" 107.75 12.6977 30.149 16.7667
"433" 108 12.4009 29.7523 17.5121
"434" 108.25 12.1051 29.3432 18.2736
"435" 108.5 11.8104 28.9221 19.0501
"436" 108.75 11.5171 28.4897 19.8407
"437" 109 11.2254 28.0467 20.6442
"438" 109.25 10.9356 27.5939 21.4595
"439" 109.5 10.648 27.1319 22.2853
"440" 109.75 10.3628 26.6616 23.1203
"441" 110 10.0803 26.1837 23.9634
"442" 110.25 9.8007 25.6993 24.813
"443" 110.5 9.5243 25.209 25.668
"444" 110.75 9.2514 24.7138 26.527
"445" 111 8.982 24.2145 27.3886
"446" 111.25 8.7166 23.712 28.2515
"447" 111.5 8.4551 23.2072 29.1144
"448" 111.75 8.1979 22.7009 29.9761
"449" 112 7.9452 22.1939 30.8352
"450" 112.25 7.7054 21.7165 31.5486
"451" 112.5 7.4977 21.3354 32.0635
"452" 112.75 7.3208 21.0486 32.4465
"453" 113 7.168 20.8356 32.7384
"454" 113.25 7.0335 20.6762 32.9665
"455" 113.5 6.916 20.5199 33.1556
"456" 113.75 6.8186 20.3541 33.3255
"457" 114 6.7423 20.1817 33.4811
"458" 114.25 6.6868 20.0035 33.6232
"459" 114.5 6.6522 19.82 33.7522
"460" 114.75 6.6384 19.6313 33.8681
"461" 115 6.6454 19.4377 33.9706
"462" 115.25 6.6735 19.2393 34.0598
"463" 115.5 6.7228 19.0364 34.1354
"464" 115.75 6.7939 18.829 34.1971
"465" 116 6.8874 18.6171 34.2445
"466" 116.25 7.0039 18.4008 34.2771
"467" 116.5 7.1446 18.18 34.2943
"468" 116.75 7.3106 17.9546 34.2954
"469" 117 7.5033 17.7246 34.2795
"470" 117.25 7.7244 17.4896 34.2455
"471" 117.5 7.9759 17.2495 34.1922
"472" 117.75 8.2601 17.0038 34.1184
"473" 118 8.5796 16.7524 34.0222
"474" 118.25 8.9375 16.4945 33.902
"475" 118.5 9.3374 16.2299 33.7556
"476" 118.75 9.7832 15.9577 33.5805
"477" 119 10.2797 15.6772 33.3739
"478" 119.25 10.8269 15.3879 33.1334
"479" 119.5 11.3968 15.0938 32.8682
"480" 119.75 11.9869 14.7983 32.5866
"481" 120 12.5975 14.5019 32.29
"482" 120.25 13.2284 14.205 31.9786
"483" 120.5 13.8795 13.9077 31.6525
"484" 120.75 14.5502 13.6102 31.3119
"485" 121 15.24 13.3126 30.9571
"486" 121.25 15.9484 13.0152 30.5884
"487" 121.5 16.6746 12.7181 30.2062
"488" 121.75 17.4179 12.4217 29.8109
"489" 122 18.1773 12.1261 29.4031
"490" 122.25 18.952 11.8316 28.9833
"491" 122.5 19.7408 11.5385 28.5522
"492" 122.75 20.5428 11.2469 28.1103
"493" 123 21.3566 10.9573 27.6585
"494" 123.25 22.1811 10.6697 27.1975
"495" 123.5 23.015 10.3846 26.728
"496" 123.75 23.8571 10.1021 26.2509
"497" 124 24.7059 9.8225 25.7671
"498" 124.25 25.5603 9.5461 25.2773
"499" 124.5 26.4188 9.273 24.7825
"500" 124.75 27.2801 9.0036 24.2836
"501" 125 28.1428 8.738 23.7813
"502" 125.25 29.0058 8.4764 23.2766
"503" 125.5 29.8677 8.219 22.7703
"504" 125.75 30.7273 7.966 22.2632
"505" 126 31.4746 7.7233 21.7763
"506" 126.25 32.0121 7.5113 21.3808
"507" 126.5 32.4104 7.3307 21.082
"508" 126.75 32.7128 7.1753 20.8599
"509" 127 32.9482 7.0388 20.6951
"510" 127.25 33.141 6.9189 20.5407
"511" 127.5 33.3129 6.8188 20.3758
"512" 127.75 33.4703 6.7397 20.2041
"513" 128 33.6142 6.6816 20.0267
"514" 128.25 33.7449 6.6442 19.8438
"515" 128.5 33.8624 6.6276 19.6557
"516" 128.75 33.9668 6.6319 19.4628
"517" 129 34.0578 6.657 19.2651
"518" 129.25 34.1353 6.7034 19.0628
"519" 129.5 34.1989 6.7714 18.856
"520" 129.75 34.2483 6.8617 18.6447
"521" 130 34.2831 6.9749 18.4291
"522" 130.25 34.3025 7.112 18.209
"523" 130.5 34.3059 7.2742 17.9843
"524" 130.75 34.2925 7.4629 17.755
"525" 131 34.2613 7.6796 17.5208
"526" 131.25 34.211 7.9264 17.2815
"527" 131.5 34.1402 8.2055 17.0368
"528" 131.75 34.0476 8.5195 16.7863
"529" 132 33.9311 8.8714 16.5295
"530" 132.25 33.7888 9.2646 16.266
"531" 132.5 33.6182 9.703 15.9951
"532" 132.75 33.4166 10.1914 15.7161
"533" 133 33.1812 10.7322 15.4282
"534" 133.25 32.919 11.2989 15.1346
"535" 133.5 32.64 11.8854 14.8394
"536" 133.75 32.3458 12.4925 14.5433
"537" 134 32.0368 13.12 14.2467
"538" 134.25 31.7131 13.7677 13.9496
"539" 134.5 31.3749 14.4351 13.6523
"540" 134.75 31.0224 15.1217 13.3548
"541" 135 30.6559 15.827 13.0575
"542" 135.25 30.2759 16.5502 12.7606
"543" 135.5 29.8828 17.2906 12.4642
"544" 135.75 29.477 18.0474 12.1686
"545" 136 29.0591 18.8195 11.8741
"546" 136.25 28.6298 19.606 11.5809
"547" 136.5 28.1896 20.4057 11.2892
"548" 136.75 27.7394 21.2176 10.9994
"549" 137 27.2798 22.0403 10.7117
"550" 137.25 26.8116 22.8727 10.4263
"551" 137.5 26.3357 23.7135 10.1435
"552" 137.75 25.8529 24.5613 9.8636
"553" 138 25.364 25.4148 9.5868
"554" 138.25 24.8699 26.2726 9.3133
"555" 138.5 24.3715 27.1335 9.0434
"556" 138.75 23.8697 27.9961 8.7773
"557" 139 23.3653 28.8591 8.5151
"558" 139.25 22.8591 29.7213 8.2572
"559" 139.5 22.352 30.5813 8.0036
"560" 139.75 21.856 31.366 7.7577
"561" 140 21.4423 31.9343 7.5399
"562" 140.25 21.1277 32.3533 7.3543
"563" 140.5 20.8936 32.6701 7.1951
"564" 140.75 20.7201 32.9156 7.0557
"565" 141 20.568 33.1137 6.9328
"566" 141.25 20.4045 33.2886 6.8292
"567" 141.5 20.2339 33.4482 6.7465
"568" 141.75 20.0574 33.5944 6.6848
"569" 142 19.8755 33.7274 6.6438
"570" 142.25 19.6883 33.8472 6.6237
"571" 142.5 19.4962 33.9539 6.6243
"572" 142.75 19.2993 34.0473 6.6457
"573" 143 19.0978 34.1271 6.6884
"574" 143.25 18.8918 34.1932 6.7525
"575" 143.5 18.6813 34.2452 6.8388
"576" 143.75 18.4665 34.2825 6.9478
"577" 144 18.2471 34.3047 7.0806
"578" 144.25 18.0233 34.3111 7.2382
"579" 144.5 17.7949 34.3008 7.422
"580" 144.75 17.5616 34.2728 7.6336
"581" 145 17.3233 34.226 7.8748
"582" 145.25 17.0796 34.1591 8.1478
"583" 145.5 16.8302 34.0705 8.4552
"584" 145.75 16.5746 33.9585 8.7999
"585" 146 16.3124 33.821 9.1853
"586" 146.25 16.043 33.6558 9.6152
"587" 146.5 15.7655 33.4601 10.094
"588" 146.75 15.4793 33.231 10.6263
"589" 147 15.1864 32.9726 11.1894
"590" 147.25 14.8914 32.6965 11.7721
"591" 147.5 14.5956 32.4051 12.3753
"592" 147.75 14.2991 32.0989 12.9989
"593" 148 14.0022 31.7779 13.6427
"594" 148.25 13.705 31.4424 14.3064
"595" 148.5 13.4076 31.0926 14.9894
"596" 148.75 13.1104 30.7288 15.6911
"597" 149 12.8134 30.3513 16.411
"598" 149.25 12.517 29.9605 17.1482
"599" 149.5 12.2213 29.5571 17.9019
"600" 149.75 11.9267 29.1414 18.6711
"601" 150 11.6333 28.7142 19.455
"602" 150.25 11.3414 28.276 20.2523
"603" 150.5 11.0513 27.8276 21.0619
"604" 150.75 10.7632 27.3697 21.8827
"605" 151 10.4774 26.9031 22.7133
"606" 151.25 10.1942 26.4285 23.5526
"607" 151.5 9.9138 25.9469 24.3991
"608" 151.75 9.6365 25.4591 25.2516
"609" 152 9.3624 24.9659 26.1087
"610" 152.25 9.0919 24.4683 26.9691
"611" 152.5 8.8251 23.967 27.8315
"612" 152.75 8.5623 23.463 28.6945
"613" 153 8.3036 22.957 29.5569
"614" 153.25 8.0492 22.45 30.4174
"615" 153.5 7.8007 21.9475 31.2353
"616" 153.75 7.5764 21.514 31.8402
"617" 154 7.3851 21.1813 32.2838
"618" 154.25 7.2213 20.9333 32.6175
"619" 154.5 7.0786 20.7494 32.8748
"620" 154.75 6.9524 20.5983 33.08
"621" 155 6.845 20.4364 33.2582
"622" 155.25 6.7583 20.2671 33.4206
"623" 155.5 6.6925 20.0916 33.5693
"624" 155.75 6.6476 19.9107 33.7048
"625" 156 6.6234 19.7245 33.8272
"626" 156.25 6.62 19.5333 33.9364
"627" 156.5 6.6374 19.3373 34.0323
"628" 156.75 6.6759 19.1367 34.1148
"629" 157 6.7359 18.9316 34.1836
"630" 157.25 6.8178 18.722 34.2383
"631" 157.5 6.9224 18.508 34.2786
"632" 157.75 7.0505 18.2895 34.3038
"633" 158 7.2031 18.0666 34.3133
"634" 158.25 7.3817 17.8391 34.3063
"635" 158.5 7.5877 17.6068 34.2818
"636" 158.75 7.8229 17.3695 34.2388
"637" 159 8.0895 17.1269 34.176
"638" 159.25 8.39 16.8786 34.0918
"639" 159.5 8.7271 16.6244 33.9845
"640" 159.75 9.1041 16.3635 33.8522
"641" 160 9.5249 16.0956 33.6926
"642" 160.25 9.9937 15.8198 33.5031
"643" 160.5 10.5155 15.5353 33.2808
"644" 160.75 11.0751 15.2433 33.027
"645" 161 11.6537 14.9486 32.7541
"646" 161.25 12.2527 14.653 32.4657
"647" 161.5 12.8723 14.3567 32.1624
"648" 161.75 13.5121 14.0598 31.8444
"649" 162 14.1718 13.7627 31.5118
"650" 162.25 14.8509 13.4654 31.1648
"651" 162.5 15.549 13.1682 30.8037
"652" 162.75 16.2652 12.8712 30.4289
"653" 163 16.999 12.5747 30.0408
"654" 163.25 17.7495 12.2789 29.6398
"655" 163.5 18.5157 11.984 29.2265
"656" 163.75 19.2967 11.6904 28.8016
"657" 164 20.0914 11.3982 28.3655
"658" 164.25 20.8986 11.1078 27.9191
"659" 164.5 21.7172 10.8193 27.463
"660" 164.75 22.546 10.5331 26.998
"661" 165 23.3836 10.2494 26.525
"662" 165.25 24.2288 9.9684 26.0447
"663" 165.5 25.0802 9.6905 25.5581
"664" 165.75 25.9365 9.4158 25.0659
"665" 166 26.7963 9.1446 24.569
"666" 166.25 27.6584 8.8771 24.0684
"667" 166.5 28.5214 8.6135 23.5648
"668" 166.75 29.384 8.354 23.0592
"669" 167 30.245 8.0987 22.5524
"670" 167.25 31.0878 7.8483 22.0463
"671" 167.5 31.7343 7.6176 21.593
"672" 167.75 32.2055 7.4199 21.2408
"673" 168 32.5583 7.2512 20.9774
"674" 168.25 32.8289 7.1047 20.7821
"675" 168.5 33.0425 6.9753 20.6295
"676" 168.75 33.2247 6.8638 20.4696
"677" 169 33.39 6.7729 20.3016
"678" 169.25 33.5414 6.7029 20.1273
"679" 169.5 33.6796 6.6538 19.9474
"680" 169.75 33.8046 6.6254 19.7623
"681" 170 33.9164 6.6178 19.5721
"682" 170.25 34.0151 6.631 19.3771
"683" 170.5 34.1003 6.6653 19.1774
"684" 170.75 34.1718 6.7209 18.9731
"685" 171 34.2294 6.7983 18.7644
"686" 171.25 34.2726 6.8982 18.5513
"687" 171.5 34.3009 7.0215 18.3338
"688" 171.75 34.3137 7.169 18.1118
"689" 172 34.3101 7.3422 17.8852
"690" 172.25 34.2892 7.5425 17.6539
"691" 172.5 34.2501 7.7717 17.4176
"692" 172.75 34.1914 8.0317 17.1761
"693" 173 34.1116 8.3251 16.9291
"694" 173.25 34.0092 8.6545 16.6761
"695" 173.5 33.8822 9.0231 16.4166
"696" 173.75 33.7283 9.4347 16.1502
"697" 174 33.5452 9.8933 15.876
"698" 174.25 33.3298 10.4039 15.5935
"699" 174.5 33.0814 10.9589 15.3025
"700" 174.75 32.8118 11.5334 15.0082
"701" 175 32.5265 12.1282 14.7127
"702" 175.25 32.2263 12.7435 14.4166
"703" 175.5 31.9113 13.3792 14.1199
"704" 175.75 31.5816 14.0349 13.8228
"705" 176 31.2375 14.7101 13.5255
"706" 176.25 30.8793 15.4043 13.2283
"707" 176.5 30.5073 16.1169 12.9312
"708" 176.75 30.1219 16.8471 12.6346
"709" 177 29.7235 17.5942 12.3387
"710" 177.25 29.3127 18.3573 12.0436
"711" 177.5 28.89 19.1353 11.7497
"712" 177.75 28.4562 19.9273 11.4573
"713" 178 28.0118 20.7321 11.1665
"714" 178.25 27.5576 21.5484 10.8776
"715" 178.5 27.0944 22.3752 10.5909
"716" 178.75 26.623 23.2111 10.3067
"717" 179 26.1441 24.0549 10.0252
"718" 179.25 25.6587 24.9051 9.7466
"719" 179.5 25.1676 25.7605 9.4712
"720" 179.75 24.6716 26.6197 9.1993
"721" 180 24.1717 27.4814 8.931
"722" 180.25 23.6686 28.3443 8.6666
"723" 180.5 23.1633 29.2071 8.4063
"724" 180.75 22.6567 30.0686 8.1502
"725" 181 22.1495 30.9254 7.8986
"726" 181.25 21.6781 31.6186 7.6617
"727" 181.5 21.3053 32.1202 7.4574
"728" 181.75 21.0253 32.4939 7.2832
"729" 182 20.8176 32.7791 7.1327
"730" 182.25 20.6608 33.0025 7
"731" 182.5 20.5032 33.1893 6.8845
"732" 182.75 20.3366 33.3576 6.7893
"733" 183 20.1636 33.5118 6.715
"734" 183.25 19.9848 33.6527 6.6616
"735" 183.5 19.8007 33.7804 6.629
"736" 183.75 19.6115 33.895 6.6171
"737" 184 19.4175 33.9963 6.6261
"738" 184.25 19.2187 34.0843 6.656
"739" 184.5 19.0154 34.1587 6.7071
"740" 184.75 18.8076 34.2192 6.78
"741" 185 18.5954 34.2654 6.8752
"742" 185.25 18.3788 34.2968 6.9936
"743" 185.5 18.1577 34.3128 7.136
"744" 185.75 17.9321 34.3127 7.3038
"745" 186 17.7018 34.2955 7.4984
"746" 186.25 17.4666 34.2602 7.7214
"747" 186.5 17.2262 34.2056 7.9749
"748" 186.75 16.9803 34.1303 8.2612
"749" 187 16.7286 34.0328 8.5829
"750" 187.25 16.4705 33.911 8.9432
"751" 187.5 16.2056 33.7629 9.3455
"752" 187.75 15.9331 33.586 9.7941
"753" 188 15.6523 33.3775 10.2935
"754" 188.25 15.3628 33.1352 10.8422
"755" 188.5 15.0689 32.8692 11.4126
"756" 188.75 14.7736 32.5871 12.0032
"757" 189 14.4776 32.29 12.6143
"758" 189.25 14.181 31.978 13.2458
"759" 189.5 13.884 31.6514 13.8973
"760" 189.75 13.5867 31.3103 14.5685
"761" 190 13.2895 30.9549 15.2588
"762" 190.25 12.9924 30.5857 15.9677
"763" 190.5 12.6957 30.203 16.6943
"764" 190.75 12.3996 29.8073 17.438
"765" 191 12.1043 29.399 18.1978
"766" 191.25 11.8102 28.9788 18.9729
"767" 191.5 11.5174 28.5472 19.762
"768" 191.75 11.2263 28.1049 20.5642
"769" 192 10.937 27.6527 21.3783
"770" 192.25 10.6498 27.1913 22.203
"771" 192.5 10.3651 26.7215 23.0372
"772" 192.75 10.083 26.2441 23.8794
"773" 193 9.8038 25.76 24.7284
"774" 193.25 9.5278 25.27 25.5828
"775" 193.5 9.2551 24.7749 26.4413
"776" 193.75 8.9861 24.2757 27.3027
"777" 194 8.7209 23.7733 28.1654
"778" 194.25 8.4597 23.2684 29.0283
"779" 194.5 8.2027 22.7619 29.8902
"780" 194.75 7.9501 22.2547 30.7496
"781" 195 7.7081 21.7685 31.4935
"782" 195.25 7.4968 21.3744 32.0285
"783" 195.5 7.3169 21.0768 32.4249
"784" 195.75 7.162 20.8557 32.726
"785" 196 7.026 20.6916 32.9604
"786" 196.25 6.9066 20.5368 33.1526
"787" 196.5 6.807 20.3717 33.3241
"788" 196.75 6.7284 20.1999 33.4811
"789" 197 6.6707 20.0223 33.6247
"790" 197.25 6.6338 19.8393 33.7552
"791" 197.5 6.6176 19.6512 33.8725
"792" 197.75 6.6222 19.4581 33.9766
"793" 198 6.6477 19.2603 34.0674
"794" 198.25 6.6945 19.058 34.1446
"795" 198.5 6.7628 18.8511 34.208
"796" 198.75 6.8533 18.6398 34.2572
"797" 199 6.9668 18.4241 34.2918
"798" 199.25 7.1042 18.204 34.311
"799" 199.5 7.2666 17.9793 34.3143
"800" 199.75 7.4555 17.75 34.3007
"801" 200 7.6724 17.5158 34.2693
