"time" "N1" "N2" "N3" "N4" "N5"
"1" 0 0.11 0.12 0.13 0.14 0.15
"2" 0.25 0.1304 0.1427 0.1548 0.1652 0.1774
"3" 0.5 0.1546 0.1697 0.1843 0.1948 0.2099
"4" 0.75 0.1832 0.2018 0.2194 0.2298 0.2482
"5" 1 0.2171 0.24 0.2612 0.2711 0.2936
"6" 1.25 0.2574 0.2854 0.3109 0.3198 0.3472
"7" 1.5 0.305 0.3394 0.3702 0.3772 0.4106
"8" 1.75 0.3615 0.4036 0.4407 0.4449 0.4855
"9" 2 0.4284 0.4799 0.5246 0.5247 0.5742
"10" 2.25 0.5076 0.5705 0.6244 0.6187 0.6789
"11" 2.5 0.6015 0.6783 0.7432 0.7296 0.8026
"12" 2.75 0.7126 0.8064 0.8845 0.8602 0.9489
"13" 3 0.8442 0.9585 1.0526 1.014 1.1216
"14" 3.25 1 1.1393 1.2525 1.1952 1.3256
"15" 3.5 1.1843 1.3539 1.4903 1.4085 1.5665
"16" 3.75 1.4024 1.6088 1.7729 1.6594 1.8507
"17" 4 1.6602 1.9113 2.1088 1.9546 2.1859
"18" 4.25 1.9649 2.2702 2.5078 2.3014 2.5812
"19" 4.5 2.3248 2.6958 2.9816 2.7088 3.0468
"20" 4.75 2.7496 3.2001 3.5438 3.1867 3.5948
"21" 5 3.2503 3.7972 4.2105 3.7466 4.2391
"22" 5.25 3.84 4.5034 5.0002 4.4017 4.9955
"23" 5.5 4.5331 5.3377 5.9346 5.1663 5.882
"24" 5.75 5.3462 6.3214 7.0384 6.0567 6.9183
"25" 6 6.2972 7.4786 8.3394 7.0895 8.126
"26" 6.25 7.4053 8.8356 9.8683 8.2816 9.5271
"27" 6.5 8.6888 10.4194 11.6573 9.648 11.1424
"28" 6.75 10.1632 12.255 13.7371 11.1974 12.987
"29" 7 11.8336 14.3586 16.13 12.9245 15.0617
"30" 7.25 13.6817 16.7224 18.8332 14.7937 17.3344
"31" 7.5 15.6334 19.2777 21.7793 16.7036 19.6987
"32" 7.75 17.488 21.8066 24.7362 18.418 21.8881
"33" 8 18.8365 23.8065 27.143 19.52 23.3951
"34" 8.25 19.3761 24.812 28.439 19.7913 23.8964
"35" 8.5 19.4527 25.1964 29.0166 19.6329 23.8493
"36" 8.75 19.4184 25.4259 29.4138 19.3792 23.675
"37" 9 19.3649 25.6294 29.7825 19.1124 23.4803
"38" 9.25 19.3074 25.8282 30.1482 18.8458 23.2824
"39" 9.5 19.2481 26.0256 30.5147 18.5813 23.0839
"40" 9.75 19.1873 26.2219 30.8825 18.319 22.8853
"41" 10 19.125 26.4171 31.2517 18.0592 22.6866
"42" 10.25 19.0613 26.6113 31.6222 17.8017 22.4878
"43" 10.5 18.9962 26.8044 31.9939 17.5466 22.2889
"44" 10.75 18.9297 26.9963 32.3669 17.2939 22.0901
"45" 11 18.8619 27.1871 32.741 17.0436 21.8914
"46" 11.25 18.7927 27.3766 33.1162 16.7957 21.6927
"47" 11.5 18.7223 27.5649 33.4925 16.5503 21.4942
"48" 11.75 18.6505 27.7519 33.8698 16.3072 21.2958
"49" 12 18.5774 27.9376 34.248 16.0666 21.0976
"50" 12.25 18.5032 28.1219 34.6271 15.8284 20.8996
"51" 12.5 18.4276 28.3048 35.0071 15.5926 20.7019
"52" 12.75 18.3509 28.4864 35.3878 15.3592 20.5045
"53" 13 18.273 28.6664 35.7694 15.1283 20.3075
"54" 13.25 18.194 28.845 36.1516 14.8998 20.1107
"55" 13.5 18.1138 29.022 36.5344 14.6737 19.9144
"56" 13.75 18.0325 29.1975 36.9179 14.4501 19.7186
"57" 14 17.9502 29.3714 37.3019 14.2289 19.5231
"58" 14.25 17.8668 29.5437 37.6864 14.0101 19.3282
"59" 14.5 17.7839 29.6849 38.0662 13.7948 19.1354
"60" 14.75 17.6996 29.7333 38.3633 13.5983 18.9681
"61" 15 17.5955 29.7432 38.6097 13.4356 18.8492
"62" 15.25 17.4786 29.7287 38.8238 13.3064 18.7792
"63" 15.5 17.3511 29.6931 39.0097 13.2079 18.7546
"64" 15.75 17.2143 29.6386 39.1697 13.1375 18.7719
"65" 16 17.0692 29.5667 39.3058 13.0926 18.8281
"66" 16.25 16.9167 29.4789 39.4195 13.0712 18.9207
"67" 16.5 16.7578 29.3765 39.5122 13.0715 19.0473
"68" 16.75 16.593 29.2606 39.5851 13.0917 19.206
"69" 17 16.4231 29.1321 39.6393 13.1305 19.3951
"70" 17.25 16.2486 28.992 39.6757 13.1864 19.6131
"71" 17.5 16.07 28.841 39.6951 13.2583 19.8585
"72" 17.75 15.8879 28.6803 39.6991 13.3453 20.1239
"73" 18 15.7048 28.5142 39.6938 13.4474 20.3894
"74" 18.25 15.5214 28.3446 39.6818 13.5646 20.6545
"75" 18.5 15.3381 28.1718 39.6633 13.6965 20.9192
"76" 18.75 15.155 27.9961 39.6391 13.8386 21.1838
"77" 19 14.9731 27.8196 39.6118 13.9814 21.4498
"78" 19.25 14.7927 27.6427 39.5823 14.1248 21.7179
"79" 19.5 14.6137 27.4655 39.5507 14.2688 21.9879
"80" 19.75 14.4362 27.2881 39.5169 14.4134 22.2599
"81" 20 14.2602 27.1104 39.481 14.5585 22.5338
"82" 20.25 14.0857 26.9324 39.443 14.7043 22.8097
"83" 20.5 13.9126 26.7543 39.4028 14.8506 23.0876
"84" 20.75 13.7411 26.576 39.3605 14.9974 23.3674
"85" 21 13.5709 26.3975 39.316 15.1447 23.6491
"86" 21.25 13.4023 26.2188 39.2695 15.2926 23.9327
"87" 21.5 13.2351 26.04 39.2208 15.441 24.2182
"88" 21.75 13.0694 25.8611 39.17 15.5898 24.5056
"89" 22 12.9051 25.6821 39.1171 15.7391 24.7948
"90" 22.25 12.7423 25.503 39.0621 15.8889 25.0859
"91" 22.5 12.581 25.3238 39.0051 16.0391 25.3788
"92" 22.75 12.421 25.1446 38.946 16.1897 25.6735
"93" 23 12.2626 24.9654 38.8848 16.3407 25.97
"94" 23.25 12.1056 24.7861 38.8215 16.4921 26.2683
"95" 23.5 11.95 24.6069 38.7562 16.6439 26.5683
"96" 23.75 11.7958 24.4277 38.6889 16.7961 26.8701
"97" 24 11.6431 24.2485 38.6195 16.9486 27.1736
"98" 24.25 11.4918 24.0695 38.5482 17.1015 27.4789
"99" 24.5 11.342 23.8905 38.4748 17.2546 27.7858
"100" 24.75 11.1935 23.7116 38.3994 17.4081 28.0943
"101" 25 11.0465 23.5328 38.3221 17.5618 28.4046
"102" 25.25 10.9008 23.3541 38.2428 17.7158 28.7164
"103" 25.5 10.7566 23.1757 38.1615 17.8701 29.0298
"104" 25.75 10.614 22.9978 38.0791 18.0168 29.3455
"105" 26 10.4751 22.8256 38.0047 18.1212 29.6626
"106" 26.25 10.3437 22.6511 37.9415 18.2007 29.9505
"107" 26.5 10.224 22.472 37.8709 18.2749 30.2316
"108" 26.75 10.117 22.2912 37.7948 18.3465 30.5103
"109" 27 10.0227 22.1089 37.7133 18.4155 30.7864
"110" 27.25 9.9412 21.925 37.6265 18.4819 31.06
"111" 27.5 9.8725 21.7397 37.5343 18.5456 31.3308
"112" 27.75 9.8168 21.553 37.4368 18.6067 31.5988
"113" 28 9.774 21.3649 37.334 18.6649 31.8639
"114" 28.25 9.7445 21.1756 37.226 18.7204 32.1258
"115" 28.5 9.7282 20.9851 37.1127 18.7731 32.3844
"116" 28.75 9.7255 20.7933 36.9942 18.8228 32.6396
"117" 29 9.7366 20.6004 36.8704 18.8697 32.8912
"118" 29.25 9.7616 20.4063 36.7414 18.9135 33.1389
"119" 29.5 9.8011 20.2111 36.607 18.9542 33.3827
"120" 29.75 9.8552 20.0148 36.4673 18.9918 33.6223
"121" 30 9.9245 19.8174 36.3222 19.0262 33.8573
"122" 30.25 10.0094 19.6189 36.1715 19.0572 34.0876
"123" 30.5 10.1105 19.4193 36.0154 19.0848 34.3129
"124" 30.75 10.2284 19.2186 35.8535 19.1087 34.5328
"125" 31 10.3638 19.0167 35.6858 19.129 34.747
"126" 31.25 10.5175 18.8137 35.5122 19.1454 34.955
"127" 31.5 10.6883 18.6095 35.3326 19.158 35.1568
"128" 31.75 10.8635 18.4059 35.1505 19.1685 35.3558
"129" 32 11.0407 18.2035 34.9674 19.1779 35.5538
"130" 32.25 11.2202 18.0025 34.7834 19.1862 35.7507
"131" 32.5 11.4017 17.8027 34.5984 19.1934 35.9464
"132" 32.75 11.5854 17.6043 34.4125 19.1994 36.141
"133" 33 11.7713 17.4073 34.2258 19.2043 36.3344
"134" 33.25 11.9594 17.2115 34.0381 19.2081 36.5265
"135" 33.5 12.1497 17.0171 33.8497 19.2107 36.7174
"136" 33.75 12.3421 16.824 33.6604 19.2123 36.907
"137" 34 12.5367 16.6323 33.4703 19.2126 37.0953
"138" 34.25 12.7336 16.4419 33.2794 19.2119 37.2822
"139" 34.5 12.9327 16.2528 33.0878 19.21 37.4677
"140" 34.75 13.134 16.0651 32.8955 19.207 37.6519
"141" 35 13.3375 15.8788 32.7025 19.2028 37.8345
"142" 35.25 13.5432 15.6938 32.5088 19.1975 38.0157
"143" 35.5 13.7512 15.5101 32.3144 19.191 38.1953
"144" 35.75 13.9614 15.3279 32.1194 19.1835 38.3734
"145" 36 14.1739 15.1469 31.9239 19.1747 38.5499
"146" 36.25 14.3886 14.9674 31.7277 19.1649 38.7248
"147" 36.5 14.6056 14.7892 31.531 19.1539 38.898
"148" 36.75 14.8247 14.6124 31.3338 19.1417 39.0696
"149" 37 15.0316 14.438 31.1386 19.1302 39.2431
"150" 37.25 15.2176 14.2682 30.9503 19.1153 39.4255
"151" 37.5 15.3853 14.1075 30.7802 19.0794 39.6071
"152" 37.75 15.5388 13.9649 30.6494 19.0262 39.7525
"153" 38 15.6797 13.8421 30.563 18.9579 39.8642
"154" 38.25 15.8082 13.7384 30.5199 18.8757 39.9439
"155" 38.5 15.9249 13.6528 30.5185 18.7803 39.9931
"156" 38.75 16.03 13.5843 30.5571 18.6727 40.013
"157" 39 16.1239 13.5319 30.6341 18.5538 40.0052
"158" 39.25 16.207 13.4947 30.7479 18.4243 39.9711
"159" 39.5 16.2797 13.4717 30.8967 18.2851 39.9118
"160" 39.75 16.3423 13.4621 31.0791 18.1368 39.8289
"161" 40 16.3952 13.4649 31.2934 17.9803 39.7236
"162" 40.25 16.4389 13.4793 31.5381 17.8161 39.5971
"163" 40.5 16.4736 13.5044 31.8115 17.645 39.4507
"164" 40.75 16.4997 13.5395 32.1123 17.4677 39.2856
"165" 41 16.5177 13.5836 32.4389 17.2846 39.1029
"166" 41.25 16.5278 13.6362 32.7899 17.0964 38.9037
"167" 41.5 16.5305 13.6964 33.1638 16.9037 38.6892
"168" 41.75 16.5261 13.7635 33.5592 16.7069 38.4604
"169" 42 16.515 13.8369 33.9746 16.5066 38.2184
"170" 42.25 16.4975 13.9158 34.4088 16.3032 37.9642
"171" 42.5 16.474 13.9997 34.8604 16.0973 37.6988
"172" 42.75 16.4449 14.0878 35.328 15.8892 37.4231
"173" 43 16.4111 14.1808 35.7996 15.6799 37.1396
"174" 43.25 16.3743 14.2805 36.2697 15.4709 36.8517
"175" 43.5 16.3352 14.3809 36.736 15.2627 36.561
"176" 43.75 16.2877 14.4342 37.104 15.0668 36.2972
"177" 44 16.211 14.4573 37.3923 14.9014 36.1087
"178" 44.25 16.1138 14.4603 37.6276 14.7678 36.0002
"179" 44.5 16 14.4466 37.8178 14.6629 35.9647
"180" 44.75 15.8719 14.4182 37.9677 14.5836 35.995
"181" 45 15.7315 14.3768 38.0814 14.527 36.0847
"182" 45.25 15.5807 14.3239 38.1625 14.4904 36.2277
"183" 45.5 15.4209 14.2608 38.2141 14.4717 36.419
"184" 45.75 15.2535 14.1886 38.2389 14.4687 36.6539
"185" 46 15.0796 14.1084 38.2395 14.4797 36.9282
"186" 46.25 14.9003 14.0211 38.2181 14.5029 37.2382
"187" 46.5 14.7164 13.9275 38.1767 14.5369 37.5803
"188" 46.75 14.5288 13.8284 38.1172 14.5804 37.9514
"189" 47 14.3383 13.7245 38.0414 14.632 38.3486
"190" 47.25 14.146 13.6169 37.9525 14.691 38.7576
"191" 47.5 13.9543 13.5081 37.8576 14.7579 39.164
"192" 47.75 13.7638 13.3986 37.7584 14.8325 39.5691
"193" 48 13.5745 13.2886 37.655 14.9142 39.9733
"194" 48.25 13.3865 13.1781 37.5479 15.0027 40.3765
"195" 48.5 13.2 13.0672 37.4369 15.0974 40.7788
"196" 48.75 13.0148 12.956 37.3225 15.198 41.1802
"197" 49 12.8312 12.8446 37.2047 15.3012 41.581
"198" 49.25 12.652 12.7355 37.0935 15.368 41.9705
"199" 49.5 12.4865 12.6223 36.9853 15.4133 42.3143
"200" 49.75 12.341 12.5071 36.8674 15.4542 42.6481
"201" 50 12.2159 12.3904 36.7421 15.4918 42.9743
"202" 50.25 12.1112 12.2725 36.6096 15.526 43.2928
"203" 50.5 12.0269 12.1533 36.4699 15.5568 43.6035
"204" 50.75 11.9633 12.0329 36.3231 15.5842 43.9061
"205" 51 11.9203 11.9114 36.1693 15.6082 44.2005
"206" 51.25 11.8982 11.7889 36.0086 15.6286 44.4863
"207" 51.5 11.8972 11.6653 35.841 15.6456 44.7634
"208" 51.75 11.9177 11.5407 35.6666 15.659 45.0313
"209" 52 11.96 11.4152 35.4853 15.6688 45.2899
"210" 52.25 12.0246 11.2887 35.2972 15.6749 45.5387
"211" 52.5 12.1121 11.1613 35.1021 15.6773 45.7772
"212" 52.75 12.2231 11.033 34.9 15.6758 46.0051
"213" 53 12.3586 10.9037 34.6909 15.6703 46.2218
"214" 53.25 12.5193 10.7736 34.4746 15.6606 46.4266
"215" 53.5 12.7017 10.6426 34.2515 15.6471 46.6201
"216" 53.75 12.8874 10.5124 34.0268 15.6321 46.8095
"217" 54 13.0752 10.3833 33.8019 15.6162 46.9971
"218" 54.25 13.2648 10.2553 33.5768 15.5995 47.1828
"219" 54.5 13.4533 10.1285 33.3518 15.5822 47.3671
"220" 54.75 13.6086 10.0052 33.1277 15.5672 47.5634
"221" 55 13.7381 9.8971 32.8693 15.54 47.7631
"222" 55.25 13.8642 9.8142 32.6038 15.5082 47.9485
"223" 55.5 13.9881 9.7548 32.334 15.4732 48.1236
"224" 55.75 14.1099 9.7172 32.0605 15.4352 48.2891
"225" 56 14.2299 9.6999 31.7838 15.3944 48.4457
"226" 56.25 14.3481 9.7015 31.5043 15.351 48.5935
"227" 56.5 14.4645 9.7211 31.2225 15.3052 48.7332
"228" 56.75 14.5793 9.7577 30.9385 15.257 48.8649
"229" 57 14.6924 9.8106 30.6528 15.2067 48.9889
"230" 57.25 14.804 9.879 30.3655 15.1543 49.1054
"231" 57.5 14.914 9.9625 30.0769 15.0998 49.2147
"232" 57.75 15.0224 10.0605 29.7871 15.0435 49.3167
"233" 58 15.1293 10.1727 29.4964 14.9853 49.4117
"234" 58.25 15.2346 10.2988 29.2048 14.9252 49.4998
"235" 58.5 15.3384 10.4384 28.9125 14.8635 49.581
"236" 58.75 15.4407 10.5914 28.6197 14.7999 49.6554
"237" 59 15.5417 10.7578 28.3271 14.7308 49.7242
"238" 59.25 15.6434 10.9383 28.0374 14.6552 49.7806
"239" 59.5 15.748 11.1335 27.7614 14.5729 49.8115
"240" 59.75 15.846 11.3342 27.5122 14.4847 49.819
"241" 60 15.9378 11.533 27.2991 14.3916 49.8061
"242" 60.25 16.0231 11.7297 27.1248 14.2936 49.7728
"243" 60.5 16.1016 11.9238 26.9912 14.1907 49.7185
"244" 60.75 16.173 12.115 26.9 14.0829 49.6425
"245" 61 16.2369 12.3028 26.8531 13.97 49.5443
"246" 61.25 16.293 12.4866 26.8523 13.8519 49.4232
"247" 61.5 16.3408 12.6661 26.8994 13.7288 49.2785
"248" 61.75 16.3801 12.8405 26.9964 13.6004 49.1097
"249" 62 16.4103 13.0095 27.1453 13.4667 48.916
"250" 62.25 16.4312 13.1722 27.3484 13.3277 48.6968
"251" 62.5 16.4422 13.3282 27.6077 13.1832 48.4513
"252" 62.75 16.443 13.4767 27.926 13.0332 48.1789
"253" 63 16.4329 13.617 28.3056 12.8777 47.8785
"254" 63.25 16.4138 13.7502 28.7129 12.7178 47.5553
"255" 63.5 16.3911 13.8814 29.1189 12.5577 47.2248
"256" 63.75 16.3668 14.0123 29.5271 12.3984 46.8921
"257" 64 16.3411 14.143 29.9379 12.2402 46.5578
"258" 64.25 16.314 14.2735 30.3514 12.0832 46.2221
"259" 64.5 16.2855 14.4039 30.7676 11.9272 45.8851
"260" 64.75 16.2556 14.534 31.1863 11.7724 45.5468
"261" 65 16.2244 14.6639 31.6076 11.6187 45.2074
"262" 65.25 16.1919 14.7935 32.0313 11.4661 44.8669
"263" 65.5 16.158 14.9229 32.4575 11.3147 44.5253
"264" 65.75 16.1228 15.0519 32.886 11.1645 44.1827
"265" 66 16.0862 15.1805 33.3169 11.0155 43.8392
"266" 66.25 16.0483 15.3088 33.75 10.8676 43.4949
"267" 66.5 16.0092 15.4367 34.1854 10.7209 43.1497
"268" 66.75 15.9687 15.5641 34.6228 10.5753 42.8038
"269" 67 15.927 15.6911 35.0624 10.431 42.4572
"270" 67.25 15.884 15.8175 35.5039 10.2879 42.11
"271" 67.5 15.8397 15.9435 35.9474 10.146 41.7622
"272" 67.75 15.7961 16.0421 36.3755 10.0063 41.4186
"273" 68 15.7383 16.0859 36.7022 9.8796 41.1276
"274" 68.25 15.6557 16.1023 36.9647 9.7737 40.9255
"275" 68.5 15.5552 16.0984 37.1793 9.6878 40.8104
"276" 68.75 15.4398 16.0769 37.352 9.6198 40.7738
"277" 69 15.3116 16.0401 37.4871 9.5677 40.8079
"278" 69.25 15.1724 15.9897 37.5885 9.5297 40.9055
"279" 69.5 15.0237 15.9272 37.6593 9.5041 41.0604
"280" 69.75 14.867 15.854 37.7026 9.4896 41.2669
"281" 70 14.7035 15.7713 37.7207 9.4848 41.52
"282" 70.25 14.5342 15.6802 37.7162 9.4887 41.8151
"283" 70.5 14.36 15.5816 37.6911 9.5001 42.148
"284" 70.75 14.1818 15.4764 37.6472 9.5181 42.5151
"285" 71 14.0003 15.3655 37.5864 9.5419 42.9127
"286" 71.25 13.8163 15.2495 37.5102 9.5707 43.3377
"287" 71.5 13.6303 15.129 37.4203 9.6037 43.7863
"288" 71.75 13.4439 15.0062 37.3215 9.6409 44.2384
"289" 72 13.2589 14.8828 37.219 9.6825 44.6897
"290" 72.25 13.0754 14.7591 37.1132 9.7283 45.1407
"291" 72.5 12.8935 14.6353 37.0045 9.778 45.5917
"292" 72.75 12.7131 14.5113 36.8929 9.8313 46.0427
"293" 73 12.5343 14.3872 36.7784 9.8879 46.4935
"294" 73.25 12.3631 14.2705 36.6325 9.9189 46.8978
"295" 73.5 12.2354 14.2065 36.42 9.923 47.2033
"296" 73.75 12.1585 14.205 36.1732 9.9167 47.4576
"297" 74 12.1304 14.2646 35.8946 9.9005 47.6625
"298" 74.25 12.1498 14.3841 35.5858 9.8746 47.8186
"299" 74.5 12.2152 14.5632 35.2483 9.8394 47.9261
"300" 74.75 12.2957 14.7998 34.8892 9.7968 47.9946
"301" 75 12.3734 15.053 34.526 9.752 48.0509
"302" 75.25 12.4507 15.3094 34.1647 9.7067 48.1039
"303" 75.5 12.5276 15.569 33.8052 9.6611 48.1539
"304" 75.75 12.6042 15.8318 33.4475 9.6152 48.2008
"305" 76 12.6803 16.0978 33.0918 9.5688 48.2446
"306" 76.25 12.756 16.3671 32.738 9.5221 48.2853
"307" 76.5 12.8313 16.6396 32.3861 9.4751 48.3228
"308" 76.75 12.9061 16.9154 32.0362 9.4277 48.3572
"309" 77 12.9805 17.1945 31.6883 9.3799 48.3884
"310" 77.25 13.0544 17.4768 31.3423 9.3318 48.4164
"311" 77.5 13.1278 17.7625 30.9983 9.2834 48.4412
"312" 77.75 13.2007 18.0514 30.6564 9.2347 48.4629
"313" 78 13.273 18.3437 30.3164 9.1856 48.4813
"314" 78.25 13.3449 18.6392 29.9786 9.1363 48.4965
"315" 78.5 13.4162 18.9381 29.6427 9.0866 48.5084
"316" 78.75 13.4869 19.2403 29.309 9.0367 48.5172
"317" 79 13.557 19.5458 28.9773 8.9864 48.5227
"318" 79.25 13.6265 19.8547 28.6477 8.9359 48.5249
"319" 79.5 13.6955 20.1669 28.3202 8.8851 48.5239
"320" 79.75 13.7638 20.4824 27.9948 8.834 48.5197
"321" 80 13.8315 20.8013 27.6716 8.7827 48.5122
"322" 80.25 13.8985 21.1235 27.3505 8.7311 48.5014
"323" 80.5 13.9648 21.449 27.0315 8.6793 48.4873
"324" 80.75 14.0305 21.7778 26.7147 8.6272 48.47
"325" 81 14.0955 22.11 26.4001 8.5749 48.4494
"326" 81.25 14.1598 22.4455 26.0876 8.5224 48.4256
"327" 81.5 14.2233 22.7844 25.7774 8.4697 48.3985
"328" 81.75 14.2861 23.1265 25.4693 8.4168 48.3681
"329" 82 14.3482 23.472 25.1634 8.3636 48.3345
"330" 82.25 14.4095 23.8207 24.8598 8.3103 48.2976
"331" 82.5 14.4701 24.1728 24.5583 8.2568 48.2574
"332" 82.75 14.5312 24.5116 24.261 8.2038 48.2183
"333" 83 14.601 24.7993 23.9882 8.1583 48.1573
"334" 83.25 14.661 25.0583 23.7846 8.1186 48.0426
"335" 83.5 14.7072 25.2945 23.6658 8.0793 47.8854
"336" 83.75 14.7391 25.5064 23.6361 8.0403 47.6851
"337" 84 14.7559 25.6923 23.6995 8.002 47.4405
"338" 84.25 14.7571 25.8504 23.8602 7.9645 47.1504
"339" 84.5 14.7419 25.9787 24.1228 7.9278 46.8136
"340" 84.75 14.7095 26.0752 24.4926 7.892 46.4287
"341" 85 14.661 26.1415 24.9439 7.8575 46.0001
"342" 85.25 14.6076 26.1983 25.3996 7.8268 45.5609
"343" 85.5 14.5524 26.2512 25.8591 7.8003 45.1197
"344" 85.75 14.4953 26.3003 26.3225 7.778 44.6772
"345" 86 14.4364 26.3456 26.7897 7.7599 44.2332
"346" 86.25 14.3759 26.3871 27.2606 7.7459 43.7881
"347" 86.5 14.3135 26.4248 27.7351 7.736 43.342
"348" 86.75 14.2495 26.4587 28.2131 7.7301 42.8948
"349" 87 14.1838 26.4886 28.6946 7.7282 42.4469
"350" 87.25 14.1165 26.5148 29.1793 7.7304 41.9983
"351" 87.5 14.0475 26.537 29.6673 7.7365 41.5491
"352" 87.75 13.977 26.5553 30.1583 7.7466 41.0995
"353" 88 13.9049 26.5698 30.6523 7.7607 40.6495
"354" 88.25 13.8312 26.5803 31.1491 7.7787 40.1993
"355" 88.5 13.7561 26.5869 31.6487 7.8006 39.7491
"356" 88.75 13.6794 26.5896 32.1508 7.8265 39.2988
"357" 89 13.6013 26.5883 32.6553 7.8563 38.8486
"358" 89.25 13.5218 26.5831 33.1621 7.8901 38.3987
"359" 89.5 13.4409 26.574 33.6711 7.9279 37.9492
"360" 89.75 13.3586 26.5609 34.1821 7.9696 37.5
"361" 90 13.2749 26.5439 34.6949 8.0154 37.0515
"362" 90.25 13.1899 26.523 35.2093 8.0653 36.6036
"363" 90.5 13.1037 26.4981 35.7253 8.1192 36.1564
"364" 90.75 13.0166 26.4701 36.2325 8.1773 35.711
"365" 91 12.9412 26.4665 36.612 8.2422 35.2992
"366" 91.25 12.8729 26.4874 36.879 8.3157 34.9409
"367" 91.5 12.7881 26.476 37.0858 8.4006 34.6609
"368" 91.75 12.6917 26.4373 37.2528 8.4976 34.4625
"369" 92 12.5859 26.3759 37.3863 8.6062 34.3342
"370" 92.25 12.4725 26.2953 37.491 8.7251 34.2654
"371" 92.5 12.3534 26.1996 37.5724 8.843 34.2496
"372" 92.75 12.2301 26.0919 37.6351 8.9576 34.2818
"373" 93 12.1034 25.9739 37.6814 9.0692 34.356
"374" 93.25 11.974 25.8472 37.7131 9.1784 34.467
"375" 93.5 11.8424 25.7128 37.732 9.2853 34.6101
"376" 93.75 11.7093 25.5719 37.7395 9.3903 34.7813
"377" 94 11.5749 25.4253 37.7368 9.4937 34.9771
"378" 94.25 11.4397 25.2739 37.7251 9.5957 35.1943
"379" 94.5 11.304 25.1183 37.7053 9.6965 35.4301
"380" 94.75 11.1681 24.9593 37.6784 9.7963 35.6819
"381" 95 11.0321 24.7974 37.6451 9.8952 35.9474
"382" 95.25 10.8965 24.633 37.6062 9.9935 36.2247
"383" 95.5 10.7612 24.4667 37.5623 10.0913 36.5119
"384" 95.75 10.6266 24.2988 37.5141 10.1887 36.8073
"385" 96 10.4927 24.1298 37.462 10.2858 37.1093
"386" 96.25 10.3596 23.9598 37.4066 10.3828 37.4167
"387" 96.5 10.2276 23.7893 37.3483 10.4798 37.7283
"388" 96.75 10.0966 23.6185 37.2874 10.5769 38.0427
"389" 97 9.9668 23.4476 37.2245 10.6742 38.3592
"390" 97.25 9.8382 23.2768 37.1598 10.7718 38.6767
"391" 97.5 9.7109 23.1063 37.0936 10.8697 38.9945
"392" 97.75 9.585 22.9363 37.0261 10.9681 39.3118
"393" 98 9.4604 22.7669 36.9577 11.067 39.628
"394" 98.25 9.3373 22.5983 36.8885 11.1665 39.9425
"395" 98.5 9.2156 22.4304 36.8187 11.2667 40.2548
"396" 98.75 9.0954 22.2636 36.7486 11.3676 40.5644
"397" 99 8.9767 22.0978 36.6782 11.4692 40.871
"398" 99.25 8.8595 21.933 36.6076 11.5717 41.1741
"399" 99.5 8.7438 21.7695 36.5371 11.675 41.4736
"400" 99.75 8.6296 21.6071 36.4667 11.7793 41.769
"401" 100 8.5169 21.446 36.3966 11.8845 42.0603
"402" 100.25 8.4057 21.2861 36.3267 11.9907 42.3471
"403" 100.5 8.296 21.1276 36.2571 12.0979 42.6295
"404" 100.75 8.1878 20.9704 36.188 12.2059 42.9071
"405" 101 8.0816 20.816 36.1219 12.2968 43.1844
"406" 101.25 7.9779 20.6648 36.062 12.3632 43.4686
"407" 101.5 7.8781 20.4989 35.9901 12.4119 43.7733
"408" 101.75 7.7863 20.3195 35.8903 12.4504 44.1165
"409" 102 7.7053 20.1336 35.7751 12.4832 44.4633
"410" 102.25 7.6363 19.9465 35.6548 12.514 44.8053
"411" 102.5 7.5792 19.7585 35.53 12.5431 45.1428
"412" 102.75 7.5341 19.5699 35.4007 12.5703 45.4758
"413" 103 7.5014 19.3827 35.2484 12.5921 45.8042
"414" 103.25 7.4914 19.2332 35.0338 12.5935 46.0875
"415" 103.5 7.5089 19.1363 34.7948 12.5848 46.3334
"416" 103.75 7.5538 19.085 34.5354 12.5676 46.5467
"417" 104 7.6209 19.0731 34.2588 12.5428 46.731
"418" 104.25 7.6881 19.0982 33.9721 12.5132 46.8966
"419" 104.5 7.7532 19.1576 33.6779 12.4797 47.0469
"420" 104.75 7.8163 19.2486 33.3771 12.4427 47.183
"421" 105 7.8774 19.3689 33.0705 12.4023 47.3055
"422" 105.25 7.9368 19.5166 32.759 12.3589 47.4154
"423" 105.5 7.9944 19.6899 32.443 12.3126 47.5131
"424" 105.75 8.0503 19.887 32.1233 12.2637 47.5994
"425" 106 8.1047 20.1068 31.8002 12.2123 47.6747
"426" 106.25 8.1575 20.3477 31.4742 12.1586 47.7394
"427" 106.5 8.2088 20.6086 31.1459 12.1027 47.7941
"428" 106.75 8.2587 20.8883 30.8155 12.0447 47.8391
"429" 107 8.3071 21.1859 30.4835 11.9848 47.8748
"430" 107.25 8.3542 21.5002 30.1502 11.9232 47.9016
"431" 107.5 8.4 21.8302 29.8159 11.8599 47.9198
"432" 107.75 8.4446 22.1748 29.4809 11.795 47.9299
"433" 108 8.4883 22.5264 29.1468 11.7292 47.9344
"434" 108.25 8.5316 22.8817 28.8146 11.663 47.9353
"435" 108.5 8.5745 23.2406 28.4845 11.5963 47.9328
"436" 108.75 8.6169 23.6032 28.1563 11.5293 47.9269
"437" 109 8.6593 23.9616 27.8311 11.4622 47.9192
"438" 109.25 8.7062 24.2749 27.522 11.4011 47.9075
"439" 109.5 8.751 24.5552 27.2679 11.3636 47.8394
"440" 109.75 8.7849 24.8055 27.0887 11.3588 47.7149
"441" 110 8.8068 25.022 26.9921 11.391 47.5298
"442" 110.25 8.8155 25.2004 26.9858 11.4641 47.2794
"443" 110.5 8.8099 25.3361 27.0777 11.5825 46.9589
"444" 110.75 8.7886 25.4242 27.2759 11.7505 46.5634
"445" 111 8.7503 25.4597 27.5892 11.9729 46.0877
"446" 111.25 8.6966 25.447 27.9959 12.2177 45.5419
"447" 111.5 8.6394 25.4222 28.405 12.4605 44.9841
"448" 111.75 8.5815 25.3937 28.8152 12.7058 44.4275
"449" 112 8.5234 25.3635 29.2119 12.955 43.8752
"450" 112.25 8.4684 25.3422 29.5656 13.2001 43.3429
"451" 112.5 8.4182 25.3351 29.8828 13.4307 42.8378
"452" 112.75 8.3724 25.3413 30.1677 13.6482 42.3578
"453" 113 8.3306 25.3596 30.4235 13.8541 41.9006
"454" 113.25 8.2928 25.3805 30.6545 14.0501 41.4657
"455" 113.5 8.2609 25.387 30.8674 14.2391 41.0619
"456" 113.75 8.2358 25.3788 31.0626 14.4214 40.6923
"457" 114 8.2178 25.3557 31.2395 14.5963 40.3582
"458" 114.25 8.2073 25.3175 31.3973 14.7634 40.0609
"459" 114.5 8.2047 25.2639 31.5353 14.9221 39.8015
"460" 114.75 8.2105 25.1948 31.6528 15.0719 39.5811
"461" 115 8.225 25.11 31.7493 15.2124 39.4008
"462" 115.25 8.2486 25.0093 31.8241 15.3429 39.2615
"463" 115.5 8.2816 24.8928 31.8766 15.463 39.1642
"464" 115.75 8.3245 24.7602 31.9064 15.5722 39.1097
"465" 116 8.3775 24.6116 31.9129 15.67 39.0989
"466" 116.25 8.4412 24.4469 31.8955 15.756 39.1326
"467" 116.5 8.5158 24.266 31.8538 15.8296 39.2116
"468" 116.75 8.6017 24.069 31.7873 15.8903 39.3366
"469" 117 8.6994 23.8559 31.6955 15.9376 39.5085
"470" 117.25 8.8092 23.6266 31.578 15.9711 39.728
"471" 117.5 8.932 23.383 31.437 15.9917 39.9796
"472" 117.75 9.0713 23.1356 31.2873 16.0072 40.2237
"473" 118 9.2224 22.8873 31.1333 16.0199 40.4619
"474" 118.25 9.3754 22.6403 30.9779 16.0315 40.6985
"475" 118.5 9.5303 22.3947 30.8215 16.0422 40.9338
"476" 118.75 9.687 22.1507 30.6642 16.0519 41.1679
"477" 119 9.8457 21.9082 30.506 16.0606 41.4006
"478" 119.25 10.0063 21.6672 30.3469 16.0683 41.6321
"479" 119.5 10.1688 21.4277 30.1869 16.0751 41.8622
"480" 119.75 10.3332 21.1898 30.026 16.0809 42.0909
"481" 120 10.4996 20.9534 29.8644 16.0858 42.3182
"482" 120.25 10.6678 20.7186 29.7019 16.0897 42.544
"483" 120.5 10.8381 20.4853 29.5386 16.0926 42.7682
"484" 120.75 11.0103 20.2536 29.3746 16.0945 42.991
"485" 121 11.1844 20.0235 29.2098 16.0955 43.2121
"486" 121.25 11.3606 19.7949 29.0443 16.0955 43.4317
"487" 121.5 11.5387 19.568 28.8781 16.0945 43.6495
"488" 121.75 11.7188 19.3426 28.7112 16.0926 43.8657
"489" 122 11.9008 19.1188 28.5437 16.0897 44.0802
"490" 122.25 12.0849 18.8967 28.3756 16.0858 44.2929
"491" 122.5 12.271 18.6761 28.2068 16.0809 44.5038
"492" 122.75 12.459 18.4571 28.0375 16.0751 44.7128
"493" 123 12.6491 18.2398 27.8677 16.0683 44.9201
"494" 123.25 12.8412 18.0241 27.6973 16.0606 45.1254
"495" 123.5 13.0353 17.81 27.5263 16.0519 45.3287
"496" 123.75 13.2314 17.5975 27.3549 16.0422 45.5302
"497" 124 13.4296 17.3867 27.1831 16.0316 45.7296
"498" 124.25 13.6298 17.1775 27.0108 16.02 45.927
"499" 124.5 13.8229 16.9707 26.8394 16.0083 46.1248
"500" 124.75 13.998 16.7681 26.672 15.9969 46.3293
"501" 125 14.1566 16.5723 26.5133 15.9712 46.5437
"502" 125.25 14.302 16.3923 26.379 15.9307 46.7272
"503" 125.5 14.4368 16.2344 26.2806 15.8785 46.8743
"504" 125.75 14.5615 16.0982 26.2181 15.8157 46.9873
"505" 126 14.6764 15.9829 26.1903 15.7428 47.0676
"506" 126.25 14.7818 15.8872 26.1961 15.6606 47.1168
"507" 126.5 14.878 15.8103 26.2342 15.5696 47.1362
"508" 126.75 14.9652 15.751 26.3033 15.4705 47.1273
"509" 127 15.0439 15.7083 26.4021 15.3639 47.0914
"510" 127.25 15.1141 15.6813 26.5295 15.2502 47.0299
"511" 127.5 15.1763 15.6691 26.6843 15.1301 46.944
"512" 127.75 15.2307 15.6707 26.8653 15.004 46.835
"513" 128 15.2776 15.6853 27.0713 14.8724 46.7041
"514" 128.25 15.3172 15.712 27.3013 14.7358 46.5525
"515" 128.5 15.3499 15.7499 27.5541 14.5946 46.3813
"516" 128.75 15.3759 15.7982 27.8286 14.4492 46.1916
"517" 129 15.3954 15.8563 28.1239 14.3 45.9846
"518" 129.25 15.4088 15.9232 28.4388 14.1474 45.7613
"519" 129.5 15.4162 15.9983 28.7722 13.9918 45.5227
"520" 129.75 15.418 16.0809 29.1233 13.8335 45.2697
"521" 130 15.4145 16.1703 29.491 13.6729 45.0035
"522" 130.25 15.4058 16.2658 29.8742 13.5102 44.7249
"523" 130.5 15.3922 16.3668 30.2721 13.3458 44.4348
"524" 130.75 15.374 16.4726 30.6836 13.18 44.1342
"525" 131 15.3515 16.5827 31.1077 13.0131 43.8239
"526" 131.25 15.3253 16.6974 31.5356 12.8455 43.506
"527" 131.5 15.2965 16.8181 31.9632 12.6783 43.1836
"528" 131.75 15.2656 16.9448 32.3911 12.5117 42.8575
"529" 132 15.2324 17.0772 32.8191 12.3457 42.5282
"530" 132.25 15.1973 17.2146 33.2475 12.1804 42.1959
"531" 132.5 15.1601 17.3565 33.6762 12.0159 41.8609
"532" 132.75 15.1213 17.4991 34.1058 11.8525 41.5239
"533" 133 15.0811 17.641 34.5371 11.6903 41.1861
"534" 133.25 15.0397 17.7823 34.9702 11.5294 40.8476
"535" 133.5 14.9972 17.9202 35.4053 11.37 40.5086
"536" 133.75 14.9549 18.0002 35.7873 11.2167 40.188
"537" 134 14.8902 18.0365 36.0812 11.0834 39.9397
"538" 134.25 14.8061 18.047 36.3226 10.9732 39.7773
"539" 134.5 14.7066 18.0366 36.5205 10.8843 39.6948
"540" 134.75 14.5939 18.0079 36.68 10.8142 39.6841
"541" 135 14.47 17.963 36.8047 10.7608 39.738
"542" 135.25 14.3364 17.9038 36.8983 10.7224 39.8501
"543" 135.5 14.1945 17.8318 36.9635 10.697 40.0148
"544" 135.75 14.0456 17.7486 37.0032 10.6834 40.2268
"545" 136 13.8906 17.6554 37.0196 10.6801 40.4817
"546" 136.25 13.7305 17.5533 37.0149 10.6858 40.7753
"547" 136.5 13.5662 17.4433 36.991 10.6996 41.1037
"548" 136.75 13.3984 17.3264 36.9497 10.7204 41.4636
"549" 137 13.2278 17.2033 36.8927 10.7473 41.8517
"550" 137.25 13.055 17.0749 36.8214 10.7794 42.2651
"551" 137.5 12.8804 16.9418 36.7371 10.816 42.701
"552" 137.75 12.7052 16.8055 36.6431 10.8567 43.1458
"553" 138 12.5311 16.6683 36.5448 10.9019 43.5891
"554" 138.25 12.3584 16.5308 36.4433 10.9513 44.0322
"555" 138.5 12.187 16.3931 36.3388 11.0046 44.4754
"556" 138.75 12.0172 16.2552 36.2315 11.0616 44.9185
"557" 139 11.8488 16.1171 36.1214 11.1219 45.3616
"558" 139.25 11.6907 15.9919 35.9704 11.1498 45.7438
"559" 139.5 11.5757 15.9286 35.7594 11.1538 46.0385
"560" 139.75 11.5073 15.9335 35.5144 11.1458 46.2825
"561" 140 11.4839 16.005 35.2374 11.1263 46.477
"562" 140.25 11.5046 16.131 34.9318 11.0964 46.6254
"563" 140.5 11.569 16.2793 34.6077 11.0593 46.7414
"564" 140.75 11.6525 16.4464 34.2726 11.0174 46.8357
"565" 141 11.7339 16.6332 33.9345 10.9735 46.9202
"566" 141.25 11.8134 16.8386 33.5939 10.9278 46.9956
"567" 141.5 11.8911 17.0619 33.2513 10.8803 47.0622
"568" 141.75 11.967 17.3023 32.9069 10.8312 47.1202
"569" 142 12.0411 17.5591 32.561 10.7804 47.1698
"570" 142.25 12.1135 17.8317 32.2139 10.7282 47.2113
"571" 142.5 12.1841 18.1192 31.8658 10.6745 47.2449
"572" 142.75 12.2534 18.4166 31.5178 10.6198 47.2721
"573" 143 12.3222 18.7174 31.1717 10.5646 47.2958
"574" 143.25 12.3905 19.0216 30.8275 10.509 47.3164
"575" 143.5 12.4582 19.3293 30.4853 10.453 47.3337
"576" 143.75 12.5254 19.6403 30.1451 10.3967 47.3478
"577" 144 12.5921 19.9549 29.8069 10.34 47.3586
"578" 144.25 12.6582 20.2728 29.4708 10.283 47.3662
"579" 144.5 12.7237 20.5942 29.1367 10.2256 47.3705
"580" 144.75 12.7886 20.919 28.8047 10.1678 47.3715
"581" 145 12.853 21.2473 28.4747 10.1098 47.3693
"582" 145.25 12.9167 21.579 28.1469 10.0514 47.3637
"583" 145.5 12.9798 21.9142 27.8211 9.9927 47.3549
"584" 145.75 13.0422 22.2528 27.4975 9.9337 47.3428
"585" 146 13.104 22.5948 27.176 9.8744 47.3275
"586" 146.25 13.1651 22.9402 26.8566 9.8149 47.3088
"587" 146.5 13.228 23.2601 26.5436 9.7567 47.2945
"588" 146.75 13.2982 23.5384 26.2624 9.7101 47.2446
"589" 147 13.3556 23.7895 26.0486 9.6896 47.1413
"590" 147.25 13.3972 24.0128 25.9131 9.6939 46.9855
"591" 147.5 13.4241 24.2099 25.8678 9.7008 46.7819
"592" 147.75 13.4362 24.38 25.92 9.7078 46.5313
"593" 148 13.4327 24.5212 26.0749 9.7149 46.2322
"594" 148.25 13.4128 24.6311 26.3382 9.7222 45.8828
"595" 148.5 13.3756 24.7075 26.716 9.7298 45.4813
"596" 148.75 13.322 24.7515 27.1831 9.738 45.0317
"597" 149 13.2634 24.7851 27.654 9.7498 44.5701
"598" 149.25 13.203 24.8147 28.1279 9.7663 44.1069
"599" 149.5 13.141 24.8404 28.6048 9.7873 43.6427
"600" 149.75 13.0773 24.8623 29.0845 9.8129 43.1776
"601" 150 13.0121 24.8804 29.5671 9.8432 42.7116
"602" 150.25 12.9452 24.8946 30.0523 9.878 42.245
"603" 150.5 12.8769 24.9048 30.54 9.9175 41.7778
"604" 150.75 12.807 24.9112 31.0301 9.9616 41.3101
"605" 151 12.7356 24.9137 31.5223 10.0104 40.8421
"606" 151.25 12.6628 24.9122 32.0165 10.0639 40.3739
"607" 151.5 12.5885 24.9068 32.5127 10.1221 39.9055
"608" 151.75 12.5128 24.8975 33.0105 10.1852 39.4372
"609" 152 12.4356 24.8842 33.5098 10.253 38.9691
"610" 152.25 12.3572 24.8669 34.0104 10.3258 38.5012
"611" 152.5 12.2773 24.8457 34.5122 10.4034 38.0336
"612" 152.75 12.1962 24.8206 35.015 10.4861 37.5666
"613" 153 12.1138 24.7915 35.5163 10.5738 37.1002
"614" 153.25 12.0391 24.7781 35.911 10.6691 36.6595
"615" 153.5 11.9758 24.7952 36.1866 10.7748 36.2707
"616" 153.75 11.8983 24.7876 36.3943 10.8937 35.9519
"617" 154 11.809 24.7523 36.5597 11.0272 35.7126
"618" 154.25 11.7105 24.6946 36.6904 11.175 35.5417
"619" 154.5 11.6046 24.6183 36.7917 11.3321 35.4286
"620" 154.75 11.4935 24.528 36.8707 11.485 35.3685
"621" 155 11.3785 24.4266 36.9313 11.6334 35.3557
"622" 155.25 11.2604 24.3157 36.9758 11.7782 35.3839
"623" 155.5 11.1399 24.1967 37.0064 11.9197 35.4478
"624" 155.75 11.0174 24.0706 37.0245 12.0584 35.5426
"625" 156 10.8935 23.9387 37.0318 12.1948 35.6642
"626" 156.25 10.7686 23.8016 37.0294 12.3291 35.8091
"627" 156.5 10.6429 23.6602 37.0185 12.4618 35.9741
"628" 156.75 10.5169 23.5152 37 12.5931 36.1563
"629" 157 10.3908 23.3671 36.9749 12.7232 36.3533
"630" 157.25 10.2647 23.2165 36.944 12.8523 36.5628
"631" 157.5 10.139 23.0638 36.9079 12.9808 36.7829
"632" 157.75 10.0137 22.9095 36.8672 13.1087 37.0118
"633" 158 9.889 22.7539 36.8226 13.2364 37.2478
"634" 158.25 9.7651 22.5974 36.7746 13.3638 37.4896
"635" 158.5 9.6421 22.4401 36.7235 13.4912 37.7359
"636" 158.75 9.52 22.2825 36.6699 13.6187 37.9855
"637" 159 9.3993 22.1256 36.6158 13.7333 38.2398
"638" 159.25 9.281 21.9721 36.5657 13.8209 38.5056
"639" 159.5 9.1656 21.8104 36.5138 13.8862 38.7885
"640" 159.75 9.0571 21.6327 36.4363 13.9389 39.1075
"641" 160 8.959 21.446 36.34 13.9841 39.44
"642" 160.25 8.8735 21.2574 36.2376 14.0268 39.7675
"643" 160.5 8.8005 21.0677 36.1301 14.0674 40.0912
"644" 160.75 8.7402 20.8768 36.0178 14.106 40.4109
"645" 161 8.6925 20.6848 35.9005 14.1424 40.7265
"646" 161.25 8.6574 20.4918 35.7784 14.1768 41.0379
"647" 161.5 8.635 20.2979 35.6516 14.209 41.345
"648" 161.75 8.6254 20.1031 35.52 14.2391 41.6475
"649" 162 8.6288 19.9075 35.3837 14.2671 41.9454
"650" 162.25 8.6452 19.7111 35.2427 14.2928 42.2385
"651" 162.5 8.675 19.514 35.0971 14.3163 42.5265
"652" 162.75 8.7183 19.3161 34.9468 14.3376 42.8092
"653" 163 8.7755 19.1174 34.7918 14.3565 43.0864
"654" 163.25 8.847 18.9181 34.6321 14.3731 43.3578
"655" 163.5 8.9332 18.7182 34.4676 14.3872 43.6232
"656" 163.75 9.0345 18.5175 34.2982 14.3988 43.882
"657" 164 9.1516 18.3161 34.124 14.4079 44.1341
"658" 164.25 9.2852 18.114 33.9447 14.4143 44.379
"659" 164.5 9.4329 17.9113 33.7608 14.4181 44.6169
"660" 164.75 9.5834 17.7096 33.5751 14.4207 44.852
"661" 165 9.7357 17.5094 33.3887 14.4224 45.0857
"662" 165.25 9.8897 17.3105 33.2016 14.4234 45.3179
"663" 165.5 10.0456 17.1131 33.0138 14.4235 45.5486
"664" 165.75 10.2032 16.9171 32.8253 14.4228 45.7778
"665" 166 10.3627 16.7225 32.6362 14.4214 46.0054
"666" 166.25 10.524 16.5293 32.4465 14.4191 46.2314
"667" 166.5 10.6871 16.3376 32.2561 14.416 46.4557
"668" 166.75 10.8466 16.1476 32.0659 14.4124 46.6794
"669" 167 10.973 15.9648 31.8643 14.4073 46.9159
"670" 167.25 11.0828 15.8146 31.6285 14.3884 47.1348
"671" 167.5 11.1889 15.7053 31.3833 14.364 47.3355
"672" 167.75 11.2918 15.6331 31.1304 14.335 47.5203
"673" 168 11.3919 15.5946 30.8709 14.3016 47.6905
"674" 168.25 11.4892 15.587 30.6056 14.2644 47.847
"675" 168.5 11.5841 15.608 30.3352 14.2236 47.9908
"676" 168.75 11.6765 15.6554 30.0605 14.1794 48.1225
"677" 169 11.7667 15.7276 29.782 14.1321 48.243
"678" 169.25 11.8547 15.823 29.5001 14.082 48.3526
"679" 169.5 11.9407 15.9402 29.2154 14.0292 48.4519
"680" 169.75 12.0246 16.0782 28.9281 13.9738 48.5412
"681" 170 12.1066 16.2359 28.6387 13.9161 48.6211
"682" 170.25 12.1867 16.4123 28.3475 13.856 48.6917
"683" 170.5 12.2649 16.6065 28.0548 13.7939 48.7534
"684" 170.75 12.3413 16.8178 27.7607 13.7297 48.8064
"685" 171 12.4159 17.0455 27.4656 13.6637 48.8511
"686" 171.25 12.4888 17.2888 27.1697 13.5958 48.8876
"687" 171.5 12.56 17.5471 26.8732 13.5261 48.9162
"688" 171.75 12.6295 17.8198 26.5764 13.4549 48.9371
"689" 172 12.6974 18.1047 26.2794 13.3822 48.9509
"690" 172.25 12.7646 18.3941 25.984 13.3089 48.9607
"691" 172.5 12.8313 18.6866 25.6904 13.2351 48.9674
"692" 172.75 12.8975 18.9825 25.3988 13.1611 48.9709
"693" 173 12.9631 19.2816 25.1091 13.0866 48.9714
"694" 173.25 13.0282 19.5841 24.8214 13.0118 48.9688
"695" 173.5 13.0928 19.8898 24.5356 12.9367 48.9631
"696" 173.75 13.1568 20.1989 24.2517 12.8612 48.9542
"697" 174 13.2203 20.5112 23.9699 12.7854 48.9423
"698" 174.25 13.2831 20.8268 23.6899 12.7093 48.9272
"699" 174.5 13.3454 21.1458 23.412 12.6329 48.909
"700" 174.75 13.407 21.468 23.136 12.5562 48.8876
"701" 175 13.4681 21.7936 22.862 12.4792 48.8632
"702" 175.25 13.5284 22.1225 22.59 12.4019 48.8356
"703" 175.5 13.5882 22.4546 22.32 12.3244 48.8049
"704" 175.75 13.6472 22.7901 22.052 12.2466 48.771
"705" 176 13.7056 23.1289 21.786 12.1686 48.734
"706" 176.25 13.7633 23.4709 21.522 12.0903 48.694
"707" 176.5 13.8203 23.8163 21.26 12.0118 48.6507
"708" 176.75 13.8766 24.1649 21 11.9331 48.6044
"709" 177 13.9322 24.5168 20.7421 11.8542 48.555
"710" 177.25 13.9877 24.8628 20.4869 11.7756 48.5045
"711" 177.5 14.0513 25.1564 20.2481 11.7058 48.4423
"712" 177.75 14.1068 25.4149 20.0633 11.6686 48.3198
"713" 178 14.1457 25.6439 19.9476 11.6667 48.1441
"714" 178.25 14.1705 25.8473 19.9112 11.67 47.9241
"715" 178.5 14.1819 26.0263 19.9592 11.6744 47.6632
"716" 178.75 14.1796 26.1797 20.0944 11.6802 47.3611
"717" 179 14.1631 26.3061 20.3199 11.6875 47.0171
"718" 179.25 14.1319 26.4038 20.6392 11.6964 46.6305
"719" 179.5 14.0875 26.4752 21.0255 11.7075 46.2065
"720" 179.75 14.039 26.5383 21.4148 11.7237 45.7737
"721" 180 13.9886 26.5974 21.8073 11.7455 45.3387
"722" 180.25 13.9363 26.6524 22.2031 11.7731 44.9017
"723" 180.5 13.8822 26.7034 22.6021 11.8064 44.4628
"724" 180.75 13.8263 26.7502 23.0041 11.8455 44.0223
"725" 181 13.7685 26.793 23.409 11.8904 43.5801
"726" 181.25 13.709 26.8315 23.8168 11.9412 43.1365
"727" 181.5 13.6477 26.8659 24.2273 11.9978 42.6915
"728" 181.75 13.5846 26.896 24.6404 12.0603 42.2452
"729" 182 13.5198 26.9218 25.0559 12.1288 41.7978
"730" 182.25 13.4532 26.9433 25.4737 12.2034 41.3493
"731" 182.5 13.385 26.9604 25.8937 12.284 40.8998
"732" 182.75 13.315 26.9731 26.3157 12.3708 40.4496
"733" 183 13.2434 26.9815 26.7396 12.4639 39.9986
"734" 183.25 13.1702 26.9854 27.1651 12.5633 39.547
"735" 183.5 13.0953 26.9848 27.5922 12.669 39.0948
"736" 183.75 13.0188 26.9797 28.0207 12.7813 38.6423
"737" 184 12.9407 26.97 28.4503 12.9002 38.1894
"738" 184.25 12.861 26.9558 28.8809 13.0257 37.7363
"739" 184.5 12.7798 26.937 29.3122 13.1581 37.2831
"740" 184.75 12.6971 26.9137 29.7442 13.2974 36.8298
"741" 185 12.6128 26.8856 30.1765 13.4438 36.3767
"742" 185.25 12.5271 26.853 30.609 13.5973 35.9237
"743" 185.5 12.4399 26.8156 31.0414 13.7581 35.4709
"744" 185.75 12.3513 26.7736 31.4735 13.9264 35.0185
"745" 186 12.2613 26.7269 31.9051 14.1022 34.5666
"746" 186.25 12.1698 26.6755 32.3358 14.2858 34.1152
"747" 186.5 12.0791 26.6241 32.739 14.478 33.6696
"748" 186.75 11.9927 26.5817 33.0964 14.6804 33.2394
"749" 187 11.9114 26.5497 33.4073 14.8934 32.8258
"750" 187.25 11.8355 26.5298 33.6725 15.1088 32.4301
"751" 187.5 11.7669 26.5238 33.9016 15.3098 32.056
"752" 187.75 11.7081 26.5075 34.1053 15.5007 31.7097
"753" 188 11.6613 26.4755 34.2887 15.6835 31.3966
"754" 188.25 11.6273 26.4281 34.4513 15.8579 31.1176
"755" 188.5 11.6065 26.365 34.5927 16.0234 30.8735
"756" 188.75 11.5993 26.2862 34.7122 16.1797 30.6649
"757" 189 11.6064 26.1917 34.8095 16.3262 30.4924
"758" 189.25 11.6281 26.0815 34.884 16.4625 30.3565
"759" 189.5 11.665 25.9556 34.9353 16.5882 30.2577
"760" 189.75 11.7174 25.814 34.9631 16.7029 30.1965
"761" 190 11.7859 25.6568 34.9668 16.8062 30.1733
"762" 190.25 11.871 25.484 34.9462 16.8975 30.1886
"763" 190.5 11.973 25.2957 34.9008 16.9766 30.2429
"764" 190.75 12.0927 25.0918 34.8302 17.0429 30.3365
"765" 191 12.2303 24.8725 34.734 17.0959 30.4699
"766" 191.25 12.3866 24.6378 34.6118 17.1353 30.6437
"767" 191.5 12.5626 24.3892 34.4654 17.1617 30.8455
"768" 191.75 12.7622 24.1352 34.3076 17.1817 31.0402
"769" 192 12.9771 23.8792 34.1434 17.1979 31.2289
"770" 192.25 13.1944 23.6243 33.9773 17.2127 31.4159
"771" 192.5 13.4144 23.3707 33.8099 17.2264 31.6018
"772" 192.75 13.6369 23.1184 33.6411 17.2388 31.7866
"773" 193 13.8621 22.8675 33.4711 17.2501 31.9701
"774" 193.25 14.0864 22.6183 33.3002 17.2605 32.1528
"775" 193.5 14.2932 22.3735 33.1329 17.2723 32.3396
"776" 193.75 14.4816 22.1362 32.9743 17.2726 32.5354
"777" 194 14.6541 21.9155 32.8391 17.2535 32.7139
"778" 194.25 14.8129 21.7191 32.7405 17.2184 32.8605
"779" 194.5 14.9587 21.5472 32.6795 17.1683 32.9768
"780" 194.75 15.0917 21.3988 32.6548 17.1041 33.0642
"781" 195 15.2123 21.2727 32.6653 17.0268 33.1238
"782" 195.25 15.3208 21.1678 32.7096 16.9371 33.1569
"783" 195.5 15.4176 21.0828 32.7865 16.836 33.1647
"784" 195.75 15.5032 21.0166 32.8944 16.7243 33.1486
"785" 196 15.5779 20.9679 33.0319 16.6027 33.1099
"786" 196.25 15.6421 20.9357 33.1976 16.4721 33.0497
"787" 196.5 15.6964 20.9187 33.3901 16.3332 32.9695
"788" 196.75 15.7412 20.9158 33.6079 16.1867 32.8704
"789" 197 15.7769 20.9259 33.8496 16.0335 32.7536
"790" 197.25 15.8039 20.948 34.1138 15.8741 32.6204
"791" 197.5 15.8228 20.9811 34.3991 15.7091 32.4719
"792" 197.75 15.8339 21.024 34.7042 15.5393 32.3092
"793" 198 15.8378 21.076 35.0277 15.3652 32.1334
"794" 198.25 15.8347 21.136 35.3684 15.1872 31.9456
"795" 198.5 15.8252 21.2032 35.7249 15.0061 31.7468
"796" 198.75 15.8097 21.2767 36.096 14.8222 31.5379
"797" 199 15.7857 21.3558 36.4788 14.6362 31.3201
"798" 199.25 15.7215 21.4047 36.7892 14.4603 31.1222
"799" 199.5 15.633 21.4177 37.0362 14.3134 30.9883
"800" 199.75 15.5291 21.4071 37.2413 14.1962 30.9212
"801" 200 15.4124 21.3765 37.4103 14.1059 30.9154
"802" 200.25 15.2848 21.3281 37.5468 14.0397 30.9654
"803" 200.5 15.1477 21.2639 37.6536 13.9951 31.0662
"804" 200.75 15.0023 21.1854 37.7333 13.97 31.2134
"805" 201 14.8498 21.0941 37.7882 13.9622 31.4031
"806" 201.25 14.6911 20.9912 37.8203 13.9702 31.6318
"807" 201.5 14.5271 20.878 37.8314 13.9922 31.8962
"808" 201.75 14.3586 20.7555 37.8231 14.0267 32.1935
"809" 202 14.1862 20.6245 37.7969 14.0725 32.521
"810" 202.25 14.0106 20.486 37.7542 14.1283 32.8761
"811" 202.5 13.8324 20.3409 37.6967 14.193 33.253
"812" 202.75 13.6538 20.1924 37.6306 14.2668 33.6301
"813" 203 13.4759 20.0425 37.5594 14.3498 34.0061
"814" 203.25 13.2988 19.8913 37.4837 14.4416 34.3816
"815" 203.5 13.1227 19.739 37.4035 14.5417 34.7563
"816" 203.75 12.9476 19.5858 37.3191 14.6497 35.1304
"817" 204 12.7736 19.4316 37.2306 14.7652 35.5039
"818" 204.25 12.6007 19.2766 37.1383 14.8869 35.8769
"819" 204.5 12.4299 19.1225 37.0451 14.9938 36.2528
"820" 204.75 12.2645 18.9725 36.963 15.0637 36.6135
"821" 205 12.111 18.8166 36.8819 15.1198 36.9433
"822" 205.25 11.9733 18.6584 36.7931 15.1726 37.2673
"823" 205.5 11.8518 18.4983 36.698 15.2227 37.5866
"824" 205.75 11.7466 18.3366 36.5966 15.2701 37.901
"825" 206 11.6579 18.1733 36.4889 15.3147 38.2104
"826" 206.25 11.5857 18.0084 36.3749 15.3564 38.5145
"827" 206.5 11.5303 17.842 36.2547 15.3953 38.8132
"828" 206.75 11.4918 17.6741 36.1283 15.4313 39.1062
"829" 207 11.4705 17.5049 35.9957 15.4643 39.3934
"830" 207.25 11.4667 17.3343 35.857 15.4944 39.6744
"831" 207.5 11.4807 17.1623 35.7121 15.5214 39.949
"832" 207.75 11.5129 16.9891 35.561 15.5453 40.2169
"833" 208 11.5637 16.8146 35.4036 15.566 40.4778
"834" 208.25 11.6336 16.6388 35.24 15.5834 40.7313
"835" 208.5 11.7233 16.4617 35.0699 15.5975 40.977
"836" 208.75 11.8334 16.2834 34.8934 15.6081 41.2146
"837" 209 11.9647 16.1038 34.7103 15.6151 41.4436
"838" 209.25 12.1181 15.9229 34.5204 15.6183 41.6633
"839" 209.5 12.2946 15.7407 34.3236 15.6177 41.8733
"840" 209.75 12.4848 15.5578 34.1216 15.614 42.0756
"841" 210 12.677 15.3761 33.9185 15.6093 42.2757
"842" 210.25 12.8712 15.1958 33.7148 15.6036 42.4742
"843" 210.5 13.0676 15.0169 33.5105 15.597 42.6709
"844" 210.75 13.266 14.8393 33.3056 15.5894 42.8659
"845" 211 13.4666 14.663 33.1001 15.581 43.0592
"846" 211.25 13.6583 14.489 32.8961 15.5727 43.2536
"847" 211.5 13.8325 14.3185 32.6972 15.5639 43.4547
"848" 211.75 13.9907 14.1541 32.5094 15.5403 43.6635
"849" 212 14.136 14.003 32.3515 15.5025 43.8405
"850" 212.25 14.2705 13.8695 32.2342 15.453 43.9822
"851" 212.5 14.3946 13.7531 32.1573 15.3927 44.0907
"852" 212.75 14.5087 13.653 32.1193 15.3222 44.1674
"853" 213 14.6129 13.5683 32.1189 15.2422 44.2137
"854" 213.25 14.7076 13.4982 32.1545 15.1533 44.2309
"855" 213.5 14.7932 13.4419 32.2247 15.0563 44.2205
"856" 213.75 14.8698 13.3986 32.3279 14.9515 44.1839
"857" 214 14.9379 13.3675 32.4627 14.8397 44.1223
"858" 214.25 14.9977 13.3477 32.6276 14.7214 44.0372
"859" 214.5 15.0496 13.3385 32.8212 14.5971 43.9297
"860" 214.75 15.0938 13.3393 33.0422 14.4674 43.8012
"861" 215 15.1307 13.3493 33.2891 14.3326 43.6528
"862" 215.25 15.1605 13.3677 33.5606 14.1932 43.4858
"863" 215.5 15.1836 13.394 33.8553 14.0498 43.3012
"864" 215.75 15.2003 13.4275 34.172 13.9027 43.1002
"865" 216 15.2109 13.4676 34.5094 13.7522 42.8838
"866" 216.25 15.2156 13.5136 34.8661 13.5989 42.6532
"867" 216.5 15.2147 13.5651 35.2411 13.4431 42.4093
"868" 216.75 15.2086 13.6214 35.633 13.285 42.1532
"869" 217 15.1903 13.6808 36.0311 13.1255 41.8874
"870" 217.25 15.1302 13.7138 36.3423 12.9785 41.6596
"871" 217.5 15.0458 13.7229 36.5885 12.8561 41.5133
"872" 217.75 14.944 13.7144 36.7861 12.7575 41.4469
"873" 218 14.8278 13.6908 36.9417 12.6802 41.4528
"874" 218.25 14.6992 13.654 37.0598 12.6217 41.5234
"875" 218.5 14.5602 13.6057 37.1443 12.5798 41.6519
"876" 218.75 14.4123 13.5472 37.1986 12.5524 41.8323
"877" 219 14.2569 13.4797 37.2259 12.5379 42.0592
"878" 219.25 14.0951 13.4043 37.2288 12.5345 42.3276
"879" 219.5 13.9281 13.322 37.2099 12.5409 42.6333
"880" 219.75 13.7567 13.2336 37.1713 12.5558 42.9721
"881" 220 13.5819 13.14 37.115 12.5781 43.3405
"882" 220.25 13.4043 13.0418 37.043 12.6066 43.7351
"883" 220.5 13.2247 12.9397 36.9568 12.6405 44.1529
"884" 220.75 13.0436 12.8342 36.858 12.6788 44.591
"885" 221 12.862 12.7265 36.7498 12.7211 45.0362
"886" 221.25 12.6816 12.6182 36.6376 12.7678 45.4797
"887" 221.5 12.5028 12.5098 36.5222 12.8186 45.9227
"888" 221.75 12.3286 12.4046 36.3836 12.8578 46.332
"889" 222 12.1936 12.3405 36.1753 12.8642 46.638
"890" 222.25 12.1093 12.3301 35.9354 12.8581 46.8971
"891" 222.5 12.0744 12.3544 35.6706 12.8416 47.1175
"892" 222.75 12.0873 12.4033 35.3857 12.8167 47.3055
"893" 223 12.1468 12.4734 35.0829 12.7838 47.4628
"894" 223.25 12.2409 12.5622 34.7655 12.7442 47.5936
"895" 223.5 12.3355 12.6697 34.4433 12.7018 47.7127
"896" 223.75 12.4283 12.7958 34.1186 12.6572 47.823
"897" 224 12.5194 12.9397 33.7915 12.6106 47.9249
"898" 224.25 12.6088 13.1008 33.4624 12.5621 48.0184
"899" 224.5 12.6965 13.2787 33.1315 12.5117 48.1037
"900" 224.75 12.7826 13.4728 32.7989 12.4596 48.181
"901" 225 12.8669 13.6827 32.465 12.4057 48.2503
"902" 225.25 12.9496 13.9081 32.13 12.3501 48.3118
"903" 225.5 13.0309 14.145 31.7944 12.2932 48.3665
"904" 225.75 13.1117 14.3852 31.4604 12.2357 48.4178
"905" 226 13.1922 14.6285 31.1282 12.1777 48.4661
"906" 226.25 13.2723 14.8748 30.798 12.1194 48.5116
"907" 226.5 13.352 15.1242 30.4695 12.0606 48.554
"908" 226.75 13.4313 15.3766 30.143 12.0014 48.5935
"909" 227 13.5102 15.6322 29.8184 11.9418 48.63
"910" 227.25 13.5886 15.8909 29.4956 11.8818 48.6635
"911" 227.5 13.6667 16.1527 29.1748 11.8214 48.694
"912" 227.75 13.7443 16.4177 28.8559 11.7607 48.7215
"913" 228 13.8214 16.6858 28.5389 11.6995 48.7459
"914" 228.25 13.898 16.9571 28.2239 11.638 48.7673
"915" 228.5 13.9741 17.2316 27.9109 11.5762 48.7857
"916" 228.75 14.0498 17.5092 27.5998 11.514 48.8009
"917" 229 14.1249 17.79 27.2907 11.4514 48.8131
"918" 229.25 14.1994 18.074 26.9835 11.3885 48.8223
"919" 229.5 14.2734 18.3613 26.6784 11.3253 48.8283
"920" 229.75 14.3468 18.6517 26.3753 11.2618 48.8313
"921" 230 14.4197 18.9454 26.0742 11.1979 48.8311
"922" 230.25 14.4919 19.2422 25.7751 11.1338 48.8279
"923" 230.5 14.5636 19.5424 25.478 11.0694 48.8215
"924" 230.75 14.6346 19.8457 25.183 11.0047 48.8121
"925" 231 14.7049 20.1523 24.89 10.9397 48.7995
"926" 231.25 14.7746 20.4621 24.5991 10.8744 48.7838
"927" 231.5 14.8437 20.7751 24.3102 10.8089 48.765
"928" 231.75 14.912 21.0914 24.0233 10.7431 48.7431
"929" 232 14.9797 21.4109 23.7386 10.6771 48.7181
"930" 232.25 15.0466 21.7337 23.4559 10.6108 48.6899
"931" 232.5 15.1134 22.0606 23.176 10.5402 48.658
"932" 232.75 15.1834 22.4023 22.907 10.4633 48.5999
"933" 233 15.2461 22.7538 22.6637 10.381 48.5117
"934" 233.25 15.3012 23.098 22.4604 10.2948 48.4006
"935" 233.5 15.3493 23.4351 22.3007 10.205 48.268
"936" 233.75 15.39 23.7645 22.1861 10.1118 48.114
"937" 234 15.4233 24.0856 22.1177 10.0152 47.9385
"938" 234.25 15.449 24.3975 22.0967 9.9152 47.7413
"939" 234.5 15.4668 24.6996 22.1243 9.8118 47.5222
"940" 234.75 15.4767 24.9889 22.2019 9.7052 47.2812
"941" 235 15.4808 25.2279 22.3389 9.5966 47.0248
"942" 235.25 15.4813 25.4122 22.5439 9.4874 46.759
"943" 235.5 15.4742 25.5548 22.827 9.3785 46.4511
"944" 235.75 15.4515 25.6698 23.1848 9.2722 46.1006
"945" 236 15.4214 25.7721 23.5646 9.1707 45.7323
"946" 236.25 15.3864 25.8658 23.9653 9.0745 45.3533
"947" 236.5 15.3463 25.9507 24.3881 8.9836 44.9635
"948" 236.75 15.3012 26.0264 24.8339 8.8979 44.563
"949" 237 15.2511 26.0933 25.2978 8.8173 44.1526
"950" 237.25 15.1983 26.155 25.7657 8.7423 43.7383
"951" 237.5 15.1435 26.2127 26.2374 8.6728 43.3218
"952" 237.75 15.0865 26.2663 26.7128 8.6087 42.9034
"953" 238 15.0276 26.3159 27.192 8.5499 42.4831
"954" 238.25 14.9667 26.3614 27.6748 8.4963 42.0612
"955" 238.5 14.9038 26.4028 28.1612 8.4478 41.6378
"956" 238.75 14.839 26.4402 28.651 8.4043 41.2131
"957" 239 14.7724 26.4735 29.1441 8.3656 40.7872
"958" 239.25 14.7039 26.5027 29.6405 8.3318 40.3603
"959" 239.5 14.6336 26.5279 30.14 8.3028 39.9325
"960" 239.75 14.5615 26.549 30.6425 8.2784 39.504
"961" 240 14.4878 26.5661 31.148 8.2586 39.0748
"962" 240.25 14.4123 26.5791 31.6562 8.2433 38.6452
"963" 240.5 14.3352 26.5881 32.1672 8.2326 38.2153
"964" 240.75 14.2564 26.593 32.6806 8.2263 37.7852
"965" 241 14.1761 26.5939 33.1966 8.2244 37.355
"966" 241.25 14.0942 26.5907 33.7148 8.2269 36.9248
"967" 241.5 14.0108 26.5836 34.2351 8.2337 36.4949
"968" 241.75 13.9259 26.5724 34.7575 8.2448 36.0652
"969" 242 13.8396 26.5572 35.2817 8.2603 35.6359
"970" 242.25 13.7519 26.5381 35.8077 8.28 35.2071
"971" 242.5 13.664 26.5173 36.3124 8.3042 34.7818
"972" 242.75 13.5913 26.5271 36.6784 8.336 34.3958
"973" 243 13.5195 26.5505 36.9399 8.3771 34.0653
"974" 243.25 13.4304 26.5391 37.147 8.4306 33.8177
"975" 243.5 13.3294 26.5009 37.3152 8.4966 33.6508
"976" 243.75 13.2188 26.4404 37.4506 8.5744 33.5533
"977" 244 13.1003 26.361 37.5574 8.6634 33.5147
"978" 244.25 12.9753 26.2652 37.6394 8.763 33.5264
"979" 244.5 12.845 26.1556 37.6996 8.8723 33.5807
"980" 244.75 12.7109 26.035 37.7423 8.9819 33.6732
"981" 245 12.5741 25.9059 37.7709 9.0891 33.8006
"982" 245.25 12.4352 25.7694 37.7871 9.1943 33.9589
"983" 245.5 12.2947 25.6267 37.7923 9.2977 34.1442
"984" 245.75 12.1531 25.4786 37.7877 9.3995 34.3533
"985" 246 12.0107 25.3259 37.7743 9.5 34.583
"986" 246.25 11.8678 25.1691 37.7531 9.5994 34.8307
"987" 246.5 11.7248 25.009 37.7249 9.6978 35.094
"988" 246.75 11.5818 24.8461 37.6905 9.7955 35.3707
"989" 247 11.4391 24.6809 37.6506 9.8925 35.6588
"990" 247.25 11.2969 24.5137 37.6058 9.989 35.9566
"991" 247.5 11.1553 24.345 37.5566 10.0852 36.2624
"992" 247.75 11.0146 24.1751 37.5037 10.1811 36.5747
"993" 248 10.8747 24.0045 37.4475 10.2769 36.8923
"994" 248.25 10.7359 23.8332 37.3884 10.3727 37.2138
"995" 248.5 10.5983 23.6617 37.3269 10.4686 37.5382
"996" 248.75 10.4618 23.49 37.2632 10.5647 37.8645
"997" 249 10.3267 23.3185 37.1977 10.661 38.1918
"998" 249.25 10.193 23.1474 37.1308 10.7577 38.5193
"999" 249.5 10.0606 22.9767 37.0626 10.8549 38.8462
"1000" 249.75 9.9297 22.8066 36.9934 10.9526 39.1719
"1001" 250 9.8003 22.6372 36.9235 11.0508 39.4959
"1002" 250.25 9.6725 22.4688 36.853 11.1497 39.8176
"1003" 250.5 9.5462 22.3012 36.7821 11.2493 40.1365
"1004" 250.75 9.4214 22.1348 36.711 11.3497 40.4523
"1005" 251 9.2983 21.9694 36.6397 11.4509 40.7646
"1006" 251.25 9.1767 21.8052 36.5685 11.5529 41.0731
"1007" 251.5 9.0567 21.6422 36.4974 11.6558 41.3775
"1008" 251.75 8.9383 21.4805 36.4265 11.7597 41.6776
"1009" 252 8.8215 21.32 36.356 11.8646 41.9732
"1010" 252.25 8.7062 21.1609 36.2858 11.9705 42.2642
"1011" 252.5 8.5925 21.0032 36.216 12.0774 42.5504
"1012" 252.75 8.4804 20.8469 36.1469 12.1821 42.8321
"1013" 253 8.3707 20.6943 36.0826 12.2639 43.1162
"1014" 253.25 8.2637 20.5405 36.0227 12.3229 43.409
"1015" 253.5 8.1624 20.37 35.9404 12.3675 43.7307
"1016" 253.75 8.0703 20.188 35.8336 12.4033 44.0813
"1017" 254 7.9902 20.0028 35.7177 12.4356 44.4267
"1018" 254.25 7.9225 19.8166 35.5969 12.4661 44.7674
"1019" 254.5 7.8671 19.6295 35.4716 12.4947 45.1035
"1020" 254.75 7.8239 19.4416 35.3416 12.5216 45.435
"1021" 255 7.7936 19.2547 35.1907 12.5434 45.7623
"1022" 255.25 7.7861 19.1035 34.9766 12.5448 46.0454
"1023" 255.5 7.8072 19.0044 34.7376 12.5361 46.2905
"1024" 255.75 7.8566 18.9503 34.4781 12.5187 46.5028
"1025" 256 7.9273 18.9353 34.2016 12.4939 46.6864
"1026" 256.25 7.9972 18.9571 33.9154 12.4645 46.8519
"1027" 256.5 8.0649 19.0131 33.6217 12.4311 47.0022
"1028" 256.75 8.1306 19.1005 33.3216 12.3943 47.1384
"1029" 257 8.1943 19.217 33.0158 12.3542 47.2611
"1030" 257.25 8.2561 19.3607 32.705 12.311 47.3713
"1031" 257.5 8.3161 19.5298 32.3898 12.265 47.4695
"1032" 257.75 8.3744 19.7227 32.0709 12.2165 47.5562
"1033" 258 8.431 19.938 31.7487 12.1654 47.6321
"1034" 258.25 8.4861 20.1744 31.4238 12.112 47.6975
"1035" 258.5 8.5396 20.4307 31.0964 12.0565 47.7529
"1036" 258.75 8.5917 20.7057 30.767 11.999 47.7987
"1037" 259 8.6423 20.9985 30.436 11.9396 47.8352
"1038" 259.25 8.6915 21.3079 30.1037 11.8783 47.8629
"1039" 259.5 8.7393 21.6331 29.7704 11.8155 47.8821
"1040" 259.75 8.7858 21.9729 29.4365 11.7511 47.8932
"1041" 260 8.8314 22.3215 29.103 11.6856 47.898
"1042" 260.25 8.8765 22.6737 28.7715 11.6197 47.8992
"1043" 260.5 8.9212 23.0295 28.442 11.5533 47.897
"1044" 260.75 8.9654 23.389 28.1145 11.4866 47.8913
"1045" 261 9.0091 23.7521 27.789 11.4195 47.8822
"1046" 261.25 9.0545 24.0852 27.4709 11.3544 47.878
"1047" 261.5 9.1046 24.377 27.1891 11.3043 47.834
"1048" 261.75 9.1448 24.6397 26.9767 11.2845 47.7338
"1049" 262 9.1732 24.8707 26.8434 11.2997 47.5755
"1050" 262.25 9.1885 25.0658 26.7966 11.3539 47.3545
"1051" 262.5 9.1894 25.2207 26.844 11.4512 47.066
"1052" 262.75 9.1748 25.3307 26.9936 11.5959 46.7053
"1053" 263 9.1431 25.3909 27.2536 11.7926 46.2675
"1054" 263.25 9.0935 25.3973 27.6304 12.0349 45.7495
"1055" 263.5 9.0349 25.3763 28.0388 12.2761 45.1948
"1056" 263.75 8.9753 25.3506 28.4473 12.5195 44.6399
"1057" 264 8.9148 25.3215 28.8552 12.7656 44.0865
"1058" 264.25 8.8558 25.2956 29.2289 13.0149 43.5447
"1059" 264.5 8.8013 25.2823 29.5632 13.252 43.0281
"1060" 264.75 8.7516 25.2827 29.8636 13.4755 42.5376
"1061" 265 8.7061 25.2956 30.1337 13.6868 42.0707
"1062" 265.25 8.6646 25.319 30.3765 13.8871 41.6251
"1063" 265.5 8.6281 25.3338 30.5983 14.0792 41.2054
"1064" 265.75 8.5982 25.3341 30.8028 14.2648 40.8186
"1065" 266 8.5754 25.3197 30.9894 14.4434 40.4662
"1066" 266.25 8.5602 25.2903 31.1574 14.6144 40.1495
"1067" 266.5 8.553 25.2456 31.3061 14.7773 39.8697
"1068" 266.75 8.5542 25.1855 31.4347 14.9317 39.6281
"1069" 267 8.5642 25.1097 31.5427 15.077 39.4255
"1070" 267.25 8.5833 25.0182 31.6294 15.2126 39.2632
"1071" 267.5 8.6121 24.9108 31.6942 15.3382 39.1419
"1072" 267.75 8.6508 24.7874 31.7365 15.4531 39.0627
"1073" 268 8.6998 24.648 31.7559 15.5569 39.0263
"1074" 268.25 8.7596 24.4924 31.7517 15.6491 39.0337
"1075" 268.5 8.8306 24.3207 31.7234 15.7291 39.0856
"1076" 268.75 8.913 24.1327 31.6706 15.7966 39.1828
"1077" 269 9.0074 23.9286 31.5928 15.8509 39.3261
"1078" 269.25 9.1142 23.7083 31.4895 15.8917 39.5162
"1079" 269.5 9.2337 23.4717 31.3603 15.9183 39.7534
"1080" 269.75 9.3682 23.225 31.2134 15.9351 39.9996
"1081" 270 9.5199 22.9764 31.0607 15.9483 40.2379
"1082" 270.25 9.6776 22.728 30.905 15.9595 40.4721
"1083" 270.5 9.8372 22.4811 30.7483 15.9697 40.7051
"1084" 270.75 9.9987 22.2356 30.5906 15.9789 40.9368
"1085" 271 10.1622 21.9917 30.4321 15.9872 41.1671
"1086" 271.25 10.3276 21.7492 30.2726 15.9944 41.3961
"1087" 271.5 10.495 21.5084 30.1122 16.0008 41.6237
"1088" 271.75 10.6644 21.269 29.951 16.0061 41.8499
"1089" 272 10.8357 21.0312 29.7889 16.0105 42.0746
"1090" 272.25 11.009 20.795 29.626 16.0139 42.2978
"1091" 272.5 11.1843 20.5603 29.4623 16.0163 42.5194
"1092" 272.75 11.3616 20.3272 29.2979 16.0177 42.7395
"1093" 273 11.5409 20.0957 29.1327 16.0182 42.9579
"1094" 273.25 11.7222 19.8658 28.9667 16.0177 43.1747
"1095" 273.5 11.9056 19.6375 28.8001 16.0162 43.3898
"1096" 273.75 12.0909 19.4108 28.6328 16.0137 43.6032
"1097" 274 12.2783 19.1856 28.4649 16.0103 43.8148
"1098" 274.25 12.4677 18.9621 28.2963 16.0059 44.0247
"1099" 274.5 12.6592 18.7402 28.1271 16.0005 44.2327
"1100" 274.75 12.8527 18.5199 27.9573 15.9941 44.4388
"1101" 275 13.0482 18.3013 27.787 15.9868 44.643
"1102" 275.25 13.2458 18.0843 27.6161 15.9785 44.8453
"1103" 275.5 13.4454 17.8689 27.4447 15.9692 45.0456
"1104" 275.75 13.6468 17.6551 27.2729 15.959 45.244
"1105" 276 13.8365 17.4444 27.1028 15.9492 45.4445
"1106" 276.25 14.0086 17.2382 26.9374 15.9374 45.6529
"1107" 276.5 14.1647 17.0405 26.7831 15.9091 45.865
"1108" 276.75 14.3085 16.8615 26.6579 15.8671 46.0408
"1109" 277 14.4417 16.705 26.5686 15.8136 46.1809
"1110" 277.25 14.5648 16.5704 26.5149 15.7495 46.2874
"1111" 277.5 14.6781 16.4567 26.4955 15.6754 46.3617
"1112" 277.75 14.7819 16.3627 26.5092 15.592 46.4052
"1113" 278 14.8764 16.2875 26.5548 15.4999 46.4194
"1114" 278.25 14.9619 16.2299 26.631 15.3997 46.4056
"1115" 278.5 15.0388 16.189 26.7365 15.292 46.3653
"1116" 278.75 15.1073 16.1639 26.8701 15.1774 46.2996
"1117" 279 15.1677 16.1534 27.0307 15.0563 46.21
"1118" 279.25 15.2203 16.1568 27.2171 14.9293 46.0977
"1119" 279.5 15.2654 16.1731 27.4281 14.7969 45.9639
"1120" 279.75 15.3032 16.2014 27.6626 14.6595 45.8097
"1121" 280 15.3341 16.2409 27.9195 14.5176 45.6364
"1122" 280.25 15.3583 16.2908 28.1978 14.3715 45.4449
"1123" 280.5 15.3761 16.3503 28.4963 14.2218 45.2366
"1124" 280.75 15.3878 16.4185 28.8139 14.0687 45.0122
"1125" 281 15.3936 16.4949 29.1497 13.9127 44.773
"1126" 281.25 15.3938 16.5786 29.5027 13.754 44.5199
"1127" 281.5 15.3887 16.669 29.8717 13.5931 44.2539
"1128" 281.75 15.3785 16.7653 30.2559 13.4303 43.9759
"1129" 282 15.3635 16.867 30.6542 13.2658 43.6868
"1130" 282.25 15.344 16.9733 31.0657 13.0999 43.3876
"1131" 282.5 15.3202 17.0838 31.4894 12.933 43.0791
"1132" 282.75 15.2926 17.1984 31.9191 12.7655 42.7629
"1133" 283 15.2624 17.3185 32.3482 12.5983 42.4421
"1134" 283.25 15.23 17.4443 32.7775 12.4316 42.1178
"1135" 283.5 15.1955 17.5755 33.207 12.2656 41.7903
"1136" 283.75 15.159 17.7114 33.6367 12.1004 41.4601
"1137" 284 15.1205 17.8517 34.0668 11.9361 41.1274
"1138" 284.25 15.0802 17.9954 34.4972 11.7727 40.7924
"1139" 284.5 15.0384 18.1389 34.9287 11.6104 40.456
"1140" 284.75 14.9953 18.2807 35.3618 11.4495 40.119
"1141" 285 14.9533 18.3678 35.7517 11.2938 39.7964
"1142" 285.25 14.8904 18.4071 36.0504 11.1574 39.542
"1143" 285.5 14.8077 18.4198 36.2955 11.0443 39.3732
"1144" 285.75 14.7095 18.411 36.4971 10.9529 39.2842
"1145" 286 14.5981 18.3834 36.6601 10.8808 39.2672
"1146" 286.25 14.4753 18.3392 36.7883 10.8257 39.3151
"1147" 286.5 14.3428 18.2804 36.8853 10.7858 39.4213
"1148" 286.75 14.202 18.2085 36.9539 10.7593 39.5804
"1149" 287 14.0541 18.125 36.9968 10.7448 39.7871
"1150" 287.25 13.9 18.0313 37.0163 10.7409 40.0368
"1151" 287.5 13.7408 17.9283 37.0147 10.7463 40.3255
"1152" 287.75 13.5773 17.8173 36.9937 10.7599 40.6494
"1153" 288 13.4103 17.6991 36.9553 10.7808 41.0051
"1154" 288.25 13.2403 17.5746 36.9009 10.8079 41.3893
"1155" 288.5 13.0681 17.4445 36.8321 10.8404 41.7991
"1156" 288.75 12.8941 17.3096 36.7502 10.8776 42.2318
"1157" 289 12.7194 17.1712 36.6582 10.9191 42.6743
"1158" 289.25 12.5456 17.0319 36.5618 10.9651 43.1153
"1159" 289.5 12.3732 16.8923 36.4621 11.0155 43.5562
"1160" 289.75 12.2022 16.7523 36.3594 11.07 43.9971
"1161" 290 12.0326 16.6121 36.2538 11.1282 44.4379
"1162" 290.25 11.8646 16.4718 36.1454 11.1899 44.8788
"1163" 290.5 11.698 16.3314 36.0343 11.2531 45.3197
"1164" 290.75 11.5475 16.213 35.868 11.2726 45.6774
"1165" 291 11.4422 16.1616 35.651 11.2743 45.962
"1166" 291.25 11.3827 16.1788 35.4005 11.2641 46.1963
"1167" 291.5 11.3675 16.2533 35.1199 11.2429 46.3837
"1168" 291.75 11.3964 16.3553 34.8186 11.2139 46.5369
"1169" 292 11.4678 16.4795 34.5002 11.178 46.6599
"1170" 292.25 11.5528 16.6243 34.1719 11.1377 46.763
"1171" 292.5 11.6358 16.7899 33.8402 11.0952 46.856
"1172" 292.75 11.7168 16.9753 33.5056 11.0508 46.9395
"1173" 293 11.796 17.1796 33.1687 11.0045 47.0138
"1174" 293.25 11.8732 17.402 32.8297 10.9564 47.0792
"1175" 293.5 11.9487 17.6416 32.4889 10.9066 47.136
"1176" 293.75 12.0223 17.8976 32.1467 10.8553 47.1843
"1177" 294 12.0942 18.1693 31.8032 10.8024 47.2246
"1178" 294.25 12.1644 18.4561 31.4589 10.7481 47.2569
"1179" 294.5 12.233 18.7561 31.114 10.6924 47.2818
"1180" 294.75 12.3008 19.0609 30.7704 10.6362 47.3023
"1181" 295 12.368 19.3692 30.4288 10.5795 47.3196
"1182" 295.25 12.4347 19.6809 30.0893 10.5225 47.3336
"1183" 295.5 12.5009 19.996 29.7517 10.4651 47.3444
"1184" 295.75 12.5665 20.3146 29.4162 10.4074 47.3519
"1185" 296 12.6315 20.6367 29.0827 10.3493 47.3562
"1186" 296.25 12.696 20.9621 28.7513 10.2909 47.3572
"1187" 296.5 12.7598 21.2911 28.4219 10.2321 47.3549
"1188" 296.75 12.8231 21.6235 28.0946 10.173 47.3493
"1189" 297 12.8857 21.9593 27.7695 10.1136 47.3405
"1190" 297.25 12.9477 22.2985 27.4464 10.0539 47.3284
"1191" 297.5 13.009 22.6412 27.1255 9.9939 47.3129
"1192" 297.75 13.0697 22.9864 26.8067 9.9336 47.2943
"1193" 298 13.1336 23.2971 26.4967 9.8757 47.2799
"1194" 298.25 13.2026 23.5703 26.2261 9.8326 47.2201
"1195" 298.5 13.2569 23.8167 26.0255 9.8171 47.108
"1196" 298.75 13.2953 24.0347 25.9042 9.8279 46.9427
"1197" 299 13.3187 24.2256 25.8741 9.8418 46.7286
"1198" 299.25 13.3272 24.3891 25.9427 9.8558 46.467
"1199" 299.5 13.3201 24.5231 26.1155 9.87 46.1564
"1200" 299.75 13.2964 24.6254 26.398 9.8844 45.795
