0.1 79.3333 79.3333
0.101 79.3267 79.3267
0.102 79.32 79.32
0.103 79.3133 79.3133
0.104 79.3067 79.3067
0.105 79.3 79.3
0.106 79.2933 79.2933
0.107 79.2867 79.2867
0.108 79.28 79.28
0.109 79.2733 79.2733
0.11 79.2667 79.2667
0.111 79.26 79.26
0.112 79.2533 79.2533
0.113 79.2467 79.2467
0.114 79.24 79.24
0.115 79.2333 79.2333
0.116 79.2267 79.2267
0.117 79.22 79.22
0.118 79.2133 79.2133
0.119 79.2067 79.2067
0.12 79.2 79.2
0.121 79.1933 79.1933
0.122 79.1867 79.1867
0.123 79.18 79.18
0.124 79.1733 79.1733
0.125 79.1667 79.1667
0.126 79.16 79.16
0.127 79.1533 79.1533
0.128 79.1467 79.1467
0.129 79.14 79.14
0.13 79.1333 79.1333
0.131 79.1267 79.1267
0.132 79.12 79.12
0.133 79.1133 79.1133
0.134 79.1067 79.1067
0.135 79.1 79.1
0.136 79.0933 79.0933
0.137 79.0867 79.0867
0.138 79.08 79.08
0.139 79.0733 79.0733
0.14 79.0667 79.0667
0.141 79.06 79.06
0.142 79.0533 79.0533
0.143 79.0467 79.0467
0.144 79.04 79.04
0.145 79.0333 79.0333
0.146 79.0267 79.0267
0.147 79.02 79.02
0.148 79.0133 79.0133
0.149 79.0067 79.0067
0.15 79 79
0.151 78.9933 78.9933
0.152 78.9867 78.9867
0.153 78.98 78.98
0.154 78.9733 78.9733
0.155 78.9667 78.9667
0.156 78.96 78.96
0.157 78.9533 78.9533
0.158 78.9467 78.9467
0.159 78.94 78.94
0.16 78.9333 78.9333
0.161 78.9267 78.9267
0.162 78.92 78.92
0.163 78.9133 78.9133
0.164 78.9067 78.9067
0.165 78.9 78.9
0.166 78.8933 78.8933
0.167 78.8867 78.8867
0.168 78.88 78.88
0.169 78.8733 78.8733
0.17 78.8667 78.8667
0.171 78.86 78.86
0.172 78.8533 78.8533
0.173 78.8467 78.8467
0.174 78.84 78.84
0.175 78.8333 78.8333
0.176 78.8267 78.8267
0.177 78.82 78.82
0.178 78.8133 78.8133
0.179 78.8067 78.8067
0.18 78.8 78.8
0.181 78.7933 78.7933
0.182 78.7867 78.7867
0.183 78.78 78.78
0.184 78.7733 78.7733
0.185 78.7667 78.7667
0.186 78.76 78.76
0.187 78.7533 78.7533
0.188 78.7467 78.7467
0.189 78.74 78.74
0.19 78.7333 78.7333
0.191 78.7267 78.7267
0.192 78.72 78.72
0.193 78.7133 78.7133
0.194 78.7067 78.7067
0.195 78.7 78.7
0.196 78.6933 78.6933
0.197 78.6867 78.6867
0.198 78.68 78.68
0.199 78.6733 78.6733
0.2 78.6667 78.6667
0.201 78.66 78.66
0.202 78.6533 78.6533
0.203 78.6467 78.6467
0.204 78.64 78.64
0.205 78.6333 78.6333
0.206 78.6267 78.6267
0.207 78.62 78.62
0.208 78.6133 78.6133
0.209 78.6067 78.6067
0.21 78.6 78.6
0.211 78.5933 78.5933
0.212 78.5867 78.5866
0.213 78.58 78.5796
0.214 78.5733 78.5713
0.215 78.5667 78.5552
0.216 78.5599 78.4961
0.217 78.5512 78.1996
0.218 78.4822 76.6289
0.219 76.622 69.019
0.22 44.6951 44.6951
0.221 67.2282 0.2072
0.222 0 0
0.223 78.5121 0
0.224 78.4029 3.796
0.225 71.4459 0
0.226 8e-04 0
0.227 78.4796 0
0.228 78.342 0
0.229 70.7621 0
0.23 78.4485 0
0.231 78.1832 0
0.232 77.0438 0
0.233 78.3291 0
0.234 77.3527 0
0.235 77.6755 0
0.236 63.7755 0
0.237 1.316 0
0.238 60.2044 0
0.239 54.1048 0
0.24 73.9239 0.0012
0.241 63.1612 0.0706
0.242 47.1295 0.2814
0.243 58.9664 0
0.244 19.8508 8.5916
0.245 18.6087 9.0827
0.246 61.3687 0.0497
0.247 57.2636 0.0173
0.248 56.9913 0.0227
0.249 32.876 0.457
0.25 27.5758 1.8622
0.251 30.3203 0.8717
0.252 28.055 1.556
0.253 25.7225 1.6944
0.254 22.5543 4.5466
0.255 21.9024 3.8229
0.256 21.6698 3.5463
0.257 21.8701 3.0628
0.258 19.8727 4.9123
0.259 19.0841 5.115
0.26 18.9832 5.6034
0.261 18.5923 5.4327
0.262 19.3318 4.5377
0.263 17.373 8.5707
0.264 17.2687 8.7487
0.265 17.2919 7.3131
0.266 18.0643 6.007
0.267 18.0998 6.8155
0.268 17.7012 5.9308
0.269 17.607 6.364
0.27 17.7635 6.1781
0.271 17.685 6.2423
0.272 16.6682 7.777
0.273 17.0275 6.4262
0.274 17.0358 6.7368
0.275 17.2433 5.7953
0.276 17.8558 5.7696
0.277 17.2448 6.3438
0.278 16.83 6.406
0.279 17.4126 5.781
0.28 16.5552 6.93
0.281 16.1838 7.9129
0.282 16.4528 6.9697
0.283 16.8469 5.8653
0.284 16.418 7.5064
0.285 16.333 7.2179
0.286 16.4578 7.5887
0.287 16.2966 7.6789
0.288 16.367 7.6482
0.289 16.3548 7.8403
0.29 16.3462 7.3561
0.291 16.329 7.6796
0.292 16.4436 7.4507
0.293 16.1576 7.7766
0.294 15.8669 7.9318
0.295 16.2222 7.5247
0.296 16.4297 7.4554
0.297 15.99 7.7782
0.298 16.0738 7.6998
0.299 16.4265 6.9038
0.3 16.0317 7.7465
0.301 16.0836 7.747
0.302 16.2994 7.4236
0.303 16.39 6.7643
0.304 15.9997 7.0525
0.305 16.1931 7.6354
0.306 16.2068 7.4447
0.307 16.068 6.9729
0.308 15.9961 7.7948
0.309 16.1238 7.8343
0.31 15.859 7.8292
0.311 16.1662 6.9191
0.312 16.1543 7.9174
0.313 16.1661 7.6269
0.314 15.9696 7.7731
0.315 16.1113 7.7185
0.316 15.8971 7.0774
0.317 15.8766 7.8111
0.318 16.1744 7.836
0.319 15.8147 7.9761
0.32 16.2032 7.7153
0.321 15.7875 7.8049
0.322 15.9256 7.8128
0.323 16.1092 7.8199
0.324 16.2673 7.8223
0.325 15.8811 7.9463
0.326 15.9986 7.8923
0.327 16.1305 7.8574
0.328 16.1957 7.8353
0.329 16.1636 7.858
0.33 16.0569 8.182
0.331 16.1656 7.9088
0.332 16.3821 8.0677
0.333 16.1786 7.8969
0.334 16.3569 8.069
0.335 16.609 7.9581
0.336 16.6466 7.6309
0.337 16.525 7.9543
0.338 16.698 8.1534
0.339 15.7111 8.3053
0.34 16.9865 8.2484
0.341 16.9103 8.2113
0.342 16.8602 11.1737
0.343 16.7819 11.1815
0.344 16.7337 9.0561
0.345 16.635 11.1444
0.346 16.7935 8.608
0.347 16.7296 8.5757
0.348 16.8408 8.295
0.349 16.7327 8.6305
0.35 16.629 9.3284
0.351 16.5241 9.2778
0.352 16.4405 9.2291
0.353 16.6612 9.085
0.354 16.6604 8.7708
0.355 16.6174 8.583
0.356 16.5906 8.531
0.357 16.4434 8.5671
0.358 16.489 8.5691
0.359 16.5779 9.1253
0.36 16.5811 9.3962
0.361 16.1977 11.3763
0.362 16.2323 11.4961
0.363 16.2173 11.5295
0.364 16.1868 11.5347
0.365 16.1476 11.5233
0.366 16.1024 11.4996
0.367 16.0525 11.4652
0.368 15.9959 11.4205
0.369 15.93 11.3636
0.37 16.6849 9.2694
0.371 16.781 9.2152
0.372 16.8256 9.3155
0.373 16.1791 10.8793
0.374 15.9231 11.5544
0.375 16.4502 12.3821
0.376 17.0751 13.1826
0.377 17.8115 14.0149
0.378 18.6553 14.8192
0.379 19.0971 15.2872
0.38 19.1085 15.3701
0.381 19.1087 15.361
0.382 19.1112 15.3431
0.383 19.1164 15.3244
0.384 19.1254 15.3052
0.385 19.1451 15.2836
0.386 19.1754 15.2571
0.387 19.2173 15.2258
0.388 19.2788 15.1985
0.389 19.3211 15.1819
0.39 19.3007 15.1805
0.391 19.2663 15.1824
0.392 19.2319 15.184
0.393 19.1976 15.1855
0.394 19.1634 15.1869
0.395 19.1292 15.1881
0.396 19.0948 15.19
0.397 19.0605 15.1902
0.398 19.0259 15.1912
0.399 18.9913 15.1921
0.4 18.9566 15.193
0.401 18.9218 15.1937
0.402 18.8869 15.1944
0.403 18.8519 15.1951
0.404 18.8167 15.1956
0.405 18.7815 15.196
0.406 18.7462 15.1964
0.407 18.7109 15.1967
0.408 18.6753 15.1976
0.409 18.6398 15.197
0.41 18.6042 15.1971
0.411 18.5684 15.197
0.412 18.5326 15.1969
0.413 18.4967 15.1967
0.414 18.4608 15.1964
0.415 18.4248 15.1959
0.416 18.3887 15.1955
0.417 18.3525 15.1949
0.418 18.3163 15.1942
0.419 18.28 15.1934
0.42 18.2437 15.1925
0.421 18.2074 15.1915
0.422 18.171 15.1904
0.423 18.1345 15.1892
0.424 18.0981 15.1879
0.425 18.0616 15.1865
0.426 18.0251 15.185
0.427 17.9886 15.1834
0.428 17.9521 15.1816
0.429 17.9156 15.1798
0.43 17.8791 15.1778
0.431 17.8426 15.1757
0.432 17.8062 15.1735
0.433 17.7698 15.1712
0.434 17.7334 15.1687
0.435 17.697 15.1661
0.436 17.6607 15.1634
0.437 17.6245 15.1606
0.438 17.5883 15.1576
0.439 17.5522 15.1545
0.44 17.516 15.1519
0.441 17.4802 15.1479
0.442 17.4444 15.1447
0.443 17.4086 15.1407
0.444 17.373 15.1369
0.445 17.3375 15.133
0.446 17.3022 15.1288
0.447 17.2671 15.1242
0.448 17.2324 15.1192
0.449 17.1979 15.1139
0.45 17.1638 15.1083
0.451 17.13 15.1025
0.452 17.0966 15.0963
0.453 17.0636 15.09
0.454 17.031 15.0834
0.455 16.9988 15.0765
0.456 16.9669 15.0696
0.457 16.9355 15.0625
0.458 16.9044 15.0554
0.459 16.8741 15.0476
0.46 16.8437 15.04
0.461 16.8135 15.0323
0.462 16.7833 15.0245
0.463 16.7532 15.0166
0.464 16.7231 15.0087
0.465 16.6931 15.0006
0.466 16.6632 14.9924
0.467 16.6334 14.9842
0.468 16.6037 14.9758
0.469 16.574 14.9674
0.47 16.5444 14.9588
0.471 16.515 14.9502
0.472 16.4856 14.9414
0.473 16.4563 14.9326
0.474 16.4272 14.9237
0.475 16.3981 14.9146
0.476 16.3692 14.9055
0.477 16.3403 14.8962
0.478 16.3116 14.8869
0.479 16.283 14.8775
0.48 16.2545 14.8679
0.481 16.2261 14.8583
0.482 16.1979 14.8485
0.483 16.1698 14.8387
0.484 16.1418 14.8288
0.485 16.114 14.8187
0.486 16.0863 14.8086
0.487 16.0588 14.7983
0.488 16.0314 14.788
0.489 16.0042 14.7776
0.49 15.9771 14.767
0.491 15.9501 14.7564
0.492 15.9234 14.7456
0.493 15.8967 14.7348
0.494 15.8703 14.7239
0.495 15.844 14.7128
0.496 15.8179 14.7017
0.497 15.7919 14.6905
0.498 15.7662 14.6792
0.499 15.7406 14.6678
0.5 15.7151 14.6563
