"N°" "Number of coexisting species at 1000 days" "Number of coexisting species at 3000 days" "Number of coexisting species at 5000 days" "Number of coexisting species at 10000 days"
"1" 1 2 2 2 2
"2" 2 2 2 2 2
"3" 3 2 2 2 2
"4" 4 1 1 1 1
"5" 5 2 2 2 2
"6" 6 2 2 2 2
"7" 7 2 1 1 1
"8" 8 4 4 4 4
"9" 9 5 4 4 4
"10" 10 2 2 2 2
"11" 11 2 2 2 2
"12" 12 2 2 2 2
"13" 13 2 2 2 2
"14" 14 5 4 4 4
"15" 15 5 4 4 3
"16" 16 2 2 2 2
"17" 17 2 2 2 2
"18" 18 1 1 1 1
"19" 19 2 2 2 2
"20" 20 5 3 3 3
"21" 21 2 1 1 1
"22" 22 2 1 1 1
"23" 23 2 2 2 2
"24" 24 2 2 2 2
"25" 25 5 5 5 5
"26" 26 2 2 2 2
"27" 27 2 2 2 2
"28" 28 2 2 2 2
"29" 29 2 2 2 2
"30" 30 8 5 5 5
"31" 31 2 2 2 2
"32" 32 2 2 2 2
"33" 33 2 1 1 1
"34" 34 1 1 1 1
"35" 35 3 3 3 3
"36" 36 5 5 5 5
"37" 37 1 1 1 1
"38" 38 1 1 1 1
"39" 39 2 2 2 2
"40" 40 4 4 4 4
"41" 41 2 1 1 1
"42" 42 1 1 1 1
"43" 43 2 2 2 2
"44" 44 2 2 2 2
"45" 45 1 1 1 1
"46" 46 5 5 5 5
"47" 47 2 2 2 2
"48" 48 2 1 1 1
"49" 49 1 1 1 1
"50" 50 1 1 1 1
"51" 51 4 4 4 4
"52" 52 7 6 6 6
"53" 53 1 1 1 1
"54" 54 2 2 2 2
"55" 55 2 1 1 1
"56" 56 2 2 2 2
"57" 57 6 4 4 4
"58" 58 2 2 2 2
"59" 59 1 1 1 1
"60" 60 1 1 1 1
"61" 61 6 4 4 4
"62" 62 1 1 1 1
"63" 63 2 2 2 2
"64" 64 2 1 1 1
"65" 65 2 2 1 1
"66" 66 2 2 2 2
"67" 67 2 1 1 1
"68" 68 2 2 2 2
"69" 69 3 2 2 2
"70" 70 1 1 1 1
"71" 71 1 1 1 1
"72" 72 1 1 1 1
"73" 73 2 2 1 1
"74" 74 4 4 4 4
"75" 75 1 1 1 1
"76" 76 3 3 3 3
"77" 77 1 1 1 1
"78" 78 6 5 4 4
"79" 79 7 7 7 7
"80" 80 2 2 2 2
"81" 81 5 6 6 6
"82" 82 1 1 1 1
"83" 83 2 2 2 2
"84" 84 1 1 1 1
"85" 85 2 2 2 2
"86" 86 2 2 2 2
"87" 87 6 5 5 5
"88" 88 2 2 2 2
"89" 89 1 1 1 1
"90" 90 2 2 2 2
"91" 91 2 1 1 1
"92" 92 5 5 5 5
"93" 93 2 2 2 2
"94" 94 1 1 1 1
"95" 95 2 2 2 2
"96" 96 1 1 1 1
"97" 97 2 2 1 1
"98" 98 2 2 2 2
"99" 99 2 2 2 2
"100" 100 2 2 2 2
"101" 101 4 4 4 4
"102" 102 4 4 4 4
"103" 103 4 3 3 3
"104" 104 2 2 2 2
"105" 105 1 1 1 1
"106" 106 1 1 1 1
"107" 107 2 2 2 2
"108" 108 2 1 1 1
"109" 109 2 2 2 2
"110" 110 2 2 2 2
"111" 111 2 2 2 2
"112" 112 2 2 2 2
"113" 113 2 2 2 2
"114" 114 1 1 1 1
"115" 115 2 2 2 2
"116" 116 4 4 4 3
"117" 117 2 2 2 2
"118" 118 4 4 4 4
"119" 119 1 1 1 1
"120" 120 2 2 2 2
"121" 121 1 1 1 1
"122" 122 2 2 2 2
"123" 123 2 2 2 2
"124" 124 5 5 5 5
"125" 125 2 2 2 2
"126" 126 2 2 2 2
"127" 127 2 2 2 1
"128" 128 2 2 2 1
"129" 129 2 2 2 2
"130" 130 4 3 3 3
"131" 131 3 2 2 2
"132" 132 2 2 2 2
"133" 133 2 2 2 2
"134" 134 2 2 2 2
"135" 135 1 1 1 1
"136" 136 2 2 2 2
"137" 137 1 1 1 1
"138" 138 2 2 2 2
"139" 139 1 1 1 1
"140" 140 2 2 2 2
"141" 141 2 2 2 2
"142" 142 1 1 1 1
"143" 143 1 1 1 1
"144" 144 2 2 2 2
"145" 145 2 2 2 2
"146" 146 2 1 1 1
"147" 147 1 1 1 1
"148" 148 8 6 5 4
"149" 149 2 2 2 2
"150" 150 5 5 5 5
"151" 151 2 2 2 2
"152" 152 4 3 3 3
"153" 153 2 2 2 2
"154" 154 1 1 1 1
"155" 155 1 1 1 1
"156" 156 5 5 5 5
"157" 157 5 5 5 4
"158" 158 8 6 5 5
"159" 159 8 6 5 5
"160" 160 4 7 7 7
"161" 161 2 2 2 2
"162" 162 2 2 2 2
"163" 163 7 5 5 5
"164" 164 2 2 2 2
"165" 165 2 2 2 2
"166" 166 1 1 1 1
"167" 167 2 2 1 1
"168" 168 4 4 4 4
"169" 169 5 4 4 4
"170" 170 5 4 4 4
"171" 171 1 1 1 1
"172" 172 2 2 2 2
"173" 173 6 6 6 6
"174" 174 2 2 2 2
"175" 175 2 2 2 2
"176" 176 2 2 2 2
"177" 177 1 1 1 1
"178" 178 2 2 2 2
"179" 179 4 4 4 4
"180" 180 2 1 1 1
"181" 181 2 2 1 1
"182" 182 1 1 1 1
"183" 183 1 1 1 1
"184" 184 1 1 1 1
"185" 185 4 4 4 4
"186" 186 1 1 1 1
"187" 187 1 1 1 1
"188" 188 2 2 2 2
"189" 189 2 1 1 1
"190" 190 1 1 1 1
"191" 191 2 2 2 2
"192" 192 1 1 1 1
"193" 193 1 1 1 1
"194" 194 2 2 2 1
"195" 195 7 6 6 5
"196" 196 3 2 2 2
"197" 197 1 1 1 1
"198" 198 2 2 2 2
"199" 199 2 2 2 2
"200" 200 4 4 4 4
"201" 201 2 2 2 2
"202" 202 1 1 1 1
"203" 203 1 1 1 1
"204" 204 2 2 2 1
"205" 205 6 6 6 6
"206" 206 2 2 2 2
"207" 207 2 2 2 2
"208" 208 1 1 1 1
"209" 209 4 4 4 4
"210" 210 7 4 4 4
"211" 211 1 1 1 1
"212" 212 1 1 1 1
"213" 213 2 2 2 2
"214" 214 2 2 2 2
"215" 215 2 2 2 2
"216" 216 1 1 1 1
"217" 217 7 6 6 6
"218" 218 1 1 1 1
"219" 219 2 2 2 2
"220" 220 2 2 2 2
"221" 221 1 1 1 1
"222" 222 2 2 2 2
"223" 223 1 1 1 1
"224" 224 2 2 2 2
"225" 225 2 2 2 2
"226" 226 2 2 2 2
"227" 227 5 4 4 3
"228" 228 2 1 1 1
"229" 229 2 2 2 2
"230" 230 3 3 3 3
"231" 231 1 1 1 1
"232" 232 2 2 2 2
"233" 233 5 6 5 4
"234" 234 2 2 2 2
"235" 235 2 2 2 2
"236" 236 2 2 2 2
"237" 237 2 2 2 2
"238" 238 4 4 4 4
"239" 239 3 1 1 1
"240" 240 5 6 6 6
"241" 241 1 1 1 1
"242" 242 2 2 2 2
"243" 243 2 2 2 2
"244" 244 2 2 2 2
"245" 245 2 2 2 2
"246" 246 5 4 4 4
"247" 247 5 5 4 2
"248" 248 3 3 3 3
"249" 249 2 2 2 2
"250" 250 2 2 2 2
"251" 251 8 6 6 6
"252" 252 2 2 2 2
"253" 253 1 1 1 1
"254" 254 3 2 2 2
"255" 255 3 3 3 3
"256" 256 4 4 4 4
"257" 257 1 1 1 1
"258" 258 2 2 2 2
"259" 259 5 4 4 4
"260" 260 6 4 4 4
"261" 261 2 2 2 2
"262" 262 2 1 1 1
"263" 263 2 1 1 1
"264" 264 3 3 3 3
"265" 265 2 2 2 2
"266" 266 2 2 2 2
"267" 267 1 1 1 1
"268" 268 2 2 2 2
"269" 269 2 2 2 2
"270" 270 1 1 1 1
"271" 271 1 1 1 1
"272" 272 1 1 1 1
"273" 273 1 1 1 1
"274" 274 2 2 2 2
"275" 275 2 2 2 2
"276" 276 2 2 2 2
"277" 277 2 2 2 1
"278" 278 2 2 2 2
"279" 279 1 1 1 1
"280" 280 2 2 2 2
"281" 281 2 2 2 2
"282" 282 2 2 2 2
"283" 283 2 2 2 2
"284" 284 1 1 1 1
"285" 285 2 2 2 2
"286" 286 1 1 1 1
"287" 287 2 2 1 1
"288" 288 2 2 2 2
"289" 289 6 6 6 6
"290" 290 2 2 2 2
"291" 291 3 3 3 3
"292" 292 2 2 2 2
"293" 293 2 2 2 2
"294" 294 4 4 4 4
"295" 295 1 1 1 1
"296" 296 2 2 2 2
"297" 297 2 2 2 2
"298" 298 1 1 1 1
"299" 299 1 1 1 1
"300" 300 3 3 3 3
"301" 301 2 2 2 2
"302" 302 1 1 1 1
"303" 303 5 4 4 4
"304" 304 2 2 2 2
"305" 305 5 5 4 4
"306" 306 2 1 1 1
"307" 307 2 2 2 2
"308" 308 5 4 4 4
"309" 309 2 2 2 2
"310" 310 1 1 1 1
"311" 311 3 3 3 3
"312" 312 2 2 2 2
"313" 313 2 2 2 2
"314" 314 2 1 1 1
"315" 315 2 2 2 2
"316" 316 2 2 1 1
"317" 317 2 2 2 2
"318" 318 2 2 2 2
"319" 319 1 1 1 1
"320" 320 1 1 1 1
"321" 321 1 1 1 1
"322" 322 4 3 3 3
"323" 323 5 5 5 5
"324" 324 2 2 2 2
"325" 325 2 2 2 2
"326" 326 2 1 1 1
"327" 327 5 4 4 4
"328" 328 1 1 1 1
"329" 329 1 1 1 1
"330" 330 2 2 2 2
"331" 331 1 1 1 1
"332" 332 1 1 1 1
"333" 333 5 5 5 5
"334" 334 1 1 1 1
"335" 335 1 1 1 1
"336" 336 2 2 2 2
"337" 337 2 1 1 1
"338" 338 4 4 4 4
"339" 339 1 1 1 1
"340" 340 1 1 1 1
"341" 341 2 1 1 1
"342" 342 1 1 1 1
"343" 343 2 2 2 2
"344" 344 2 2 2 2
"345" 345 1 1 1 1
"346" 346 3 3 3 3
"347" 347 1 1 1 1
"348" 348 1 1 1 1
"349" 349 2 2 2 2
"350" 350 4 4 4 3
"351" 351 2 2 2 2
"352" 352 2 2 2 2
"353" 353 2 2 2 2
"354" 354 2 2 2 2
"355" 355 4 4 4 4
"356" 356 2 2 2 2
"357" 357 1 1 1 1
"358" 358 1 1 1 1
"359" 359 2 2 2 2
"360" 360 5 4 4 5
"361" 361 2 2 2 2
"362" 362 2 2 2 2
"363" 363 2 2 2 2
"364" 364 1 1 1 1
"365" 365 1 1 1 1
"366" 366 2 2 2 1
"367" 367 2 2 2 2
"368" 368 2 1 1 1
"369" 369 5 4 4 4
"370" 370 1 1 1 1
"371" 371 2 2 2 2
"372" 372 3 3 3 3
"373" 373 1 1 1 1
"374" 374 4 2 2 2
"375" 375 1 1 1 1
"376" 376 1 1 1 1
"377" 377 2 2 2 2
"378" 378 1 1 1 1
"379" 379 2 2 2 2
"380" 380 2 2 2 2
"381" 381 2 2 2 2
"382" 382 1 1 1 1
"383" 383 5 5 5 5
"384" 384 4 4 4 4
"385" 385 1 1 1 1
"386" 386 2 1 1 1
"387" 387 2 2 2 2
"388" 388 1 1 1 1
"389" 389 1 1 1 1
"390" 390 5 4 4 4
"391" 391 2 2 2 2
"392" 392 2 2 2 2
"393" 393 1 1 1 1
"394" 394 2 1 1 1
"395" 395 2 2 2 2
"396" 396 2 2 2 2
"397" 397 2 2 2 2
"398" 398 5 5 5 5
"399" 399 3 3 3 3
"400" 400 1 1 1 1
"401" 401 2 2 2 2
"402" 402 2 2 2 2
"403" 403 6 6 6 6
"404" 404 2 2 2 2
"405" 405 2 2 2 2
"406" 406 2 2 2 2
"407" 407 5 4 4 3
"408" 408 1 1 1 1
"409" 409 2 1 1 1
"410" 410 1 1 1 1
"411" 411 2 2 2 2
"412" 412 2 2 2 2
"413" 413 2 2 2 2
"414" 414 1 1 1 1
"415" 415 2 1 1 1
"416" 416 1 1 1 1
"417" 417 7 6 6 6
"418" 418 2 2 2 2
"419" 419 1 1 1 1
"420" 420 1 1 1 1
"421" 421 5 6 6 6
"422" 422 1 1 1 1
"423" 423 5 4 4 4
"424" 424 2 2 2 2
"425" 425 2 2 2 2
"426" 426 1 1 1 1
"427" 427 5 5 5 5
"428" 428 2 2 2 2
"429" 429 2 2 2 2
"430" 430 4 3 3 3
"431" 431 1 1 1 1
"432" 432 2 1 1 1
"433" 433 2 2 2 2
"434" 434 2 2 2 2
"435" 435 2 2 1 1
"436" 436 1 1 1 1
"437" 437 4 4 3 3
"438" 438 2 2 2 2
"439" 439 5 5 5 5
"440" 440 2 2 2 2
"441" 441 2 1 1 1
"442" 442 3 2 2 2
"443" 443 2 1 1 1
"444" 444 5 4 4 4
"445" 445 2 2 2 2
"446" 446 1 1 1 1
"447" 447 2 2 2 2
"448" 448 5 5 5 5
"449" 449 1 1 1 1
"450" 450 1 1 1 1
"451" 451 2 1 1 1
"452" 452 1 1 1 1
"453" 453 2 2 2 2
"454" 454 2 1 1 1
"455" 455 4 3 3 3
"456" 456 2 2 2 2
"457" 457 5 5 5 5
"458" 458 2 2 2 2
"459" 459 4 4 4 4
"460" 460 5 5 5 5
"461" 461 2 2 1 1
"462" 462 2 2 2 2
"463" 463 2 2 2 2
"464" 464 2 1 1 1
"465" 465 2 2 2 2
"466" 466 4 3 3 3
"467" 467 2 2 2 2
"468" 468 3 3 3 3
"469" 469 4 4 4 4
"470" 470 2 2 2 2
"471" 471 3 3 3 2
"472" 472 2 2 2 2
"473" 473 2 2 2 1
"474" 474 1 1 1 1
"475" 475 2 2 2 2
"476" 476 3 3 3 2
"477" 477 2 2 2 2
"478" 478 1 1 1 1
"479" 479 2 2 2 2
"480" 480 1 1 1 1
"481" 481 3 3 3 3
"482" 482 2 2 2 2
"483" 483 1 1 1 1
"484" 484 4 4 4 4
"485" 485 1 1 1 1
"486" 486 1 1 1 1
"487" 487 3 3 3 3
"488" 488 2 2 2 2
"489" 489 2 2 2 2
"490" 490 1 1 1 1
"491" 491 1 1 1 1
"492" 492 1 1 1 1
"493" 493 1 1 1 1
"494" 494 2 2 2 2
"495" 495 6 6 6 5
"496" 496 5 4 4 4
"497" 497 2 2 2 2
"498" 498 2 2 2 2
"499" 499 1 1 1 1
"500" 500 2 2 2 2
"501" 501 1 1 1 1
