"N°" "Number of coexisting species at 1000 days" "Number of coexisting species at 3000 days" "Number of coexisting species at 5000 days" "Number of coexisting species at 10000 days"
"1" 1 5 8 10 12
"2" 2 5 5 2 2
"3" 3 4 4 3 3
"4" 4 4 5 1 1
"5" 5 5 3 3 5
"6" 6 2 2 2 2
"7" 7 4 1 1 2
"8" 8 3 3 2 2
"9" 9 4 5 1 1
"10" 10 4 2 2 3
"11" 11 4 4 5 5
"12" 12 3 4 2 2
"13" 13 3 4 5 6
"14" 14 4 4 1 1
"15" 15 4 2 2 3
"16" 16 3 1 1 3
"17" 17 4 2 2 3
"18" 18 3 2 2 3
"19" 19 2 1 1 2
"20" 20 2 3 4 4
"21" 21 3 3 3 4
"22" 22 3 2 3 3
"23" 23 4 6 2 2
"24" 24 4 2 4 4
"25" 25 2 2 2 3
"26" 26 5 7 1 1
"27" 27 4 4 4 3
"28" 28 4 3 4 5
"29" 29 4 4 2 2
"30" 30 3 3 3 3
"31" 31 4 2 2 3
"32" 32 3 5 2 2
"33" 33 3 2 2 3
"34" 34 4 6 2 2
"35" 35 3 3 3 5
"36" 36 5 6 1 1
"37" 37 4 5 5 4
"38" 38 4 2 2 3
"39" 39 2 1 1 2
"40" 40 4 3 3 3
"41" 41 5 2 2 3
"42" 42 4 4 4 5
"43" 43 4 6 2 2
"44" 44 2 1 1 2
"45" 45 3 2 2 3
"46" 46 4 3 1 1
"47" 47 3 3 4 4
"48" 48 2 3 3 3
"49" 49 5 6 3 2
"50" 50 5 5 1 1
"51" 51 4 1 1 2
"52" 52 4 4 2 2
"53" 53 5 6 6 4
"54" 54 4 7 1 1
"55" 55 1 1 1 2
"56" 56 5 7 6 4
"57" 57 3 1 1 2
"58" 58 4 4 6 4
"59" 59 3 4 1 2
"60" 60 5 6 1 1
"61" 61 4 4 1 1
"62" 62 5 5 2 2
"63" 63 4 6 3 3
"64" 64 3 2 2 3
"65" 65 2 3 3 3
"66" 66 3 2 2 3
"67" 67 3 2 2 3
"68" 68 3 3 3 3
"69" 69 1 2 2 3
"70" 70 3 3 2 2
"71" 71 4 2 2 4
"72" 72 2 3 2 2
"73" 73 2 2 2 3
"74" 74 5 3 4 3
"75" 75 4 2 2 3
"76" 76 3 5 5 6
"77" 77 5 2 1 2
"78" 78 4 6 4 4
"79" 79 4 4 1 1
"80" 80 4 2 2 3
"81" 81 2 2 2 2
"82" 82 2 1 1 2
"83" 83 4 5 5 7
"84" 84 4 5 3 4
"85" 85 3 1 1 2
"86" 86 4 1 1 2
"87" 87 2 1 1 2
"88" 88 1 1 1 2
"89" 89 3 2 2 3
"90" 90 4 5 6 6
"91" 91 2 2 2 3
"92" 92 4 2 2 3
"93" 93 3 5 5 5
"94" 94 3 3 4 4
"95" 95 5 3 3 5
"96" 96 4 5 2 2
"97" 97 2 3 2 2
"98" 98 3 4 1 1
"99" 99 3 2 3 2
"100" 100 4 4 4 4
"101" 101 3 5 5 5
"102" 102 4 1 1 3
"103" 103 3 4 3 3
"104" 104 2 2 2 3
"105" 105 3 1 1 2
"106" 106 5 4 5 6
"107" 107 4 2 2 1
"108" 108 4 5 2 2
"109" 109 3 3 1 1
"110" 110 3 2 1 2
"111" 111 5 5 1 1
"112" 112 4 4 4 4
"113" 113 3 3 4 4
"114" 114 3 3 4 3
"115" 115 2 3 4 3
"116" 116 3 2 2 3
"117" 117 3 2 1 3
"118" 118 3 3 4 4
"119" 119 3 4 4 4
"120" 120 3 2 2 3
"121" 121 5 1 3 3
"122" 122 5 6 5 4
"123" 123 4 4 2 2
"124" 124 4 2 2 3
"125" 125 5 1 1 2
"126" 126 4 5 5 5
"127" 127 5 4 4 3
"128" 128 3 3 3 3
"129" 129 3 3 2 1
"130" 130 4 3 3 4
"131" 131 4 5 1 2
"132" 132 4 5 5 5
"133" 133 5 2 2 3
"134" 134 3 3 2 2
"135" 135 4 3 3 3
"136" 136 4 5 5 5
"137" 137 3 1 1 2
"138" 138 2 1 1 2
"139" 139 5 5 2 2
"140" 140 3 2 2 3
"141" 141 3 5 6 6
"142" 142 4 1 1 2
"143" 143 4 4 4 2
"144" 144 1 3 3 4
"145" 145 3 2 2 3
"146" 146 3 1 1 2
"147" 147 2 2 1 1
"148" 148 3 2 2 3
"149" 149 3 2 3 4
"150" 150 4 4 5 5
"151" 151 4 5 1 2
"152" 152 4 5 5 5
"153" 153 3 3 4 4
"154" 154 3 3 2 2
"155" 155 3 3 3 3
"156" 156 5 2 2 3
"157" 157 4 2 2 3
"158" 158 4 3 4 4
"159" 159 4 5 1 1
"160" 160 3 2 2 3
"161" 161 4 1 1 2
"162" 162 3 2 2 4
"163" 163 1 2 2 2
"164" 164 4 5 5 5
"165" 165 3 5 5 5
"166" 166 3 4 5 5
"167" 167 5 4 1 2
"168" 168 4 4 5 5
"169" 169 3 3 3 3
"170" 170 5 7 6 6
"171" 171 4 5 1 2
"172" 172 4 2 2 3
"173" 173 2 2 2 3
"174" 174 4 5 2 2
"175" 175 3 5 5 3
"176" 176 4 5 1 1
"177" 177 5 6 1 1
"178" 178 3 2 2 3
"179" 179 2 4 4 4
"180" 180 4 1 1 3
"181" 181 4 4 3 4
"182" 182 5 5 6 3
"183" 183 3 1 1 2
"184" 184 3 1 1 3
"185" 185 3 2 2 3
"186" 186 2 1 1 2
"187" 187 3 3 3 4
"188" 188 4 1 1 2
"189" 189 5 2 2 3
"190" 190 1 1 1 2
"191" 191 2 2 4 4
"192" 192 4 5 5 5
"193" 193 3 2 2 3
"194" 194 2 2 2 2
"195" 195 3 4 5 5
"196" 196 3 2 2 3
"197" 197 4 5 1 1
"198" 198 4 5 5 2
"199" 199 3 1 1 2
"200" 200 4 2 2 3
"201" 201 3 2 2 3
"202" 202 2 2 2 3
"203" 203 4 5 1 1
"204" 204 1 2 2 2
"205" 205 4 5 4 5
"206" 206 3 5 5 5
"207" 207 5 7 7 4
"208" 208 3 2 2 3
"209" 209 3 2 2 2
"210" 210 4 5 1 1
"211" 211 3 2 2 3
"212" 212 3 3 1 1
"213" 213 3 3 2 2
"214" 214 5 7 2 2
"215" 215 1 2 2 2
"216" 216 4 5 4 4
"217" 217 4 5 6 6
"218" 218 3 2 3 4
"219" 219 5 7 2 2
"220" 220 3 4 2 1
"221" 221 4 4 4 4
"222" 222 3 2 1 1
"223" 223 4 2 2 3
"224" 224 4 3 3 3
"225" 225 4 2 2 3
"226" 226 5 8 8 7
"227" 227 4 5 6 6
"228" 228 3 2 1 1
"229" 229 4 1 1 2
"230" 230 3 3 1 1
"231" 231 5 8 2 2
"232" 232 5 3 3 5
"233" 233 3 2 2 3
"234" 234 3 4 2 2
"235" 235 3 2 2 3
"236" 236 5 2 2 3
"237" 237 4 4 1 1
"238" 238 5 1 1 2
"239" 239 3 3 1 1
"240" 240 4 5 4 4
"241" 241 4 3 3 3
"242" 242 5 2 2 3
"243" 243 3 1 1 2
"244" 244 4 4 3 3
"245" 245 4 1 1 2
"246" 246 3 3 3 4
"247" 247 4 3 4 4
"248" 248 5 3 4 4
"249" 249 2 1 1 2
"250" 250 4 2 2 3
"251" 251 2 2 3 4
"252" 252 3 1 1 2
"253" 253 4 2 2 3
"254" 254 5 1 1 3
"255" 255 2 2 2 1
"256" 256 4 5 1 1
"257" 257 4 5 5 5
"258" 258 4 5 5 4
"259" 259 5 6 1 1
"260" 260 1 2 2 2
"261" 261 4 5 5 5
"262" 262 3 1 1 2
"263" 263 2 1 1 3
"264" 264 3 2 2 3
"265" 265 4 2 2 3
"266" 266 4 4 5 2
"267" 267 1 2 1 2
"268" 268 4 6 6 6
"269" 269 4 4 4 4
"270" 270 2 3 2 2
"271" 271 4 3 3 4
"272" 272 3 3 3 3
"273" 273 4 2 2 2
"274" 274 4 2 2 3
"275" 275 1 1 1 2
"276" 276 4 2 2 3
"277" 277 5 7 2 2
"278" 278 5 3 3 3
"279" 279 4 6 6 1
"280" 280 5 5 6 5
"281" 281 3 4 4 5
"282" 282 5 6 1 1
"283" 283 3 4 5 5
"284" 284 5 7 2 2
"285" 285 2 3 3 4
"286" 286 3 3 1 2
"287" 287 3 2 2 1
"288" 288 2 2 4 4
"289" 289 3 2 2 3
"290" 290 1 2 1 1
"291" 291 4 4 1 1
"292" 292 2 2 2 3
"293" 293 4 5 2 2
"294" 294 4 2 2 3
"295" 295 4 6 7 3
"296" 296 4 4 1 1
"297" 297 5 2 2 3
"298" 298 1 2 1 3
"299" 299 4 4 4 5
"300" 300 4 2 2 3
"301" 301 3 4 4 5
"302" 302 3 3 2 1
"303" 303 4 5 5 5
"304" 304 4 2 2 1
"305" 305 5 7 1 1
"306" 306 4 2 2 3
"307" 307 3 5 6 4
"308" 308 2 2 2 2
"309" 309 4 3 3 3
"310" 310 5 1 1 2
"311" 311 3 3 1 1
"312" 312 4 4 1 1
"313" 313 4 4 5 5
"314" 314 1 2 2 2
"315" 315 3 4 4 5
"316" 316 2 4 2 2
"317" 317 3 2 2 3
"318" 318 3 5 5 6
"319" 319 3 4 1 1
"320" 320 5 4 3 3
"321" 321 4 4 3 3
"322" 322 4 2 2 1
"323" 323 4 4 1 1
"324" 324 4 5 1 1
"325" 325 4 6 6 3
"326" 326 4 1 1 2
"327" 327 3 5 5 5
"328" 328 5 5 6 5
"329" 329 5 2 2 3
"330" 330 5 2 2 3
"331" 331 4 2 2 3
"332" 332 3 3 1 1
"333" 333 4 5 6 6
"334" 334 5 7 1 1
"335" 335 4 3 1 1
"336" 336 4 6 2 2
"337" 337 3 1 1 2
"338" 338 4 5 1 1
"339" 339 4 2 2 3
"340" 340 1 2 3 4
"341" 341 3 2 2 2
"342" 342 5 3 3 4
"343" 343 4 3 1 1
"344" 344 3 4 4 4
"345" 345 3 4 1 1
"346" 346 5 6 5 5
"347" 347 1 2 1 1
"348" 348 2 2 2 2
"349" 349 5 1 1 2
"350" 350 4 4 6 3
"351" 351 4 7 7 6
"352" 352 2 2 2 3
"353" 353 4 6 6 6
"354" 354 3 5 1 1
"355" 355 5 6 6 5
"356" 356 2 3 3 3
"357" 357 4 1 1 2
"358" 358 3 3 1 1
"359" 359 3 5 5 5
"360" 360 3 2 2 3
"361" 361 1 2 2 3
"362" 362 5 7 1 2
"363" 363 4 2 2 3
"364" 364 4 5 6 4
"365" 365 1 2 1 1
"366" 366 2 2 2 1
"367" 367 3 2 2 3
"368" 368 5 2 2 3
"369" 369 2 2 2 3
"370" 370 2 2 2 3
"371" 371 3 5 4 4
"372" 372 3 4 4 3
"373" 373 4 4 2 2
"374" 374 5 2 2 3
"375" 375 2 1 1 2
"376" 376 1 2 2 2
"377" 377 3 2 2 3
"378" 378 4 4 3 3
"379" 379 5 6 2 3
"380" 380 5 4 4 5
"381" 381 4 4 1 1
"382" 382 3 2 2 3
"383" 383 5 3 4 4
"384" 384 3 4 4 5
"385" 385 1 2 2 3
"386" 386 5 6 5 5
"387" 387 4 1 1 2
"388" 388 4 2 2 3
"389" 389 2 2 2 3
"390" 390 4 2 2 3
"391" 391 4 2 2 3
"392" 392 3 5 5 5
"393" 393 3 1 1 3
"394" 394 5 7 2 2
"395" 395 5 5 6 6
"396" 396 3 2 2 4
"397" 397 3 4 5 3
"398" 398 4 4 4 4
"399" 399 3 2 2 3
"400" 400 3 3 1 1
"401" 401 3 5 6 5
"402" 402 2 3 3 4
"403" 403 3 5 5 5
"404" 404 4 4 4 5
"405" 405 3 1 1 2
"406" 406 4 4 3 4
"407" 407 5 2 2 3
"408" 408 4 2 2 3
"409" 409 5 5 1 1
"410" 410 3 5 4 5
"411" 411 3 6 6 6
"412" 412 5 2 2 3
"413" 413 5 6 6 6
"414" 414 3 2 2 4
"415" 415 4 4 2 2
"416" 416 2 3 3 3
"417" 417 4 4 1 2
"418" 418 2 2 4 4
"419" 419 3 2 2 3
"420" 420 3 4 1 1
"421" 421 4 5 5 4
"422" 422 2 1 1 2
"423" 423 4 5 1 1
"424" 424 2 3 3 3
"425" 425 4 6 1 1
"426" 426 3 2 2 3
"427" 427 3 2 2 3
"428" 428 3 2 2 3
"429" 429 4 4 4 5
"430" 430 4 3 4 4
"431" 431 5 7 7 7
"432" 432 5 5 2 2
"433" 433 1 2 2 2
"434" 434 5 5 1 1
"435" 435 4 5 5 5
"436" 436 1 3 3 3
"437" 437 5 1 1 2
"438" 438 1 2 3 3
"439" 439 2 2 2 3
"440" 440 4 2 2 3
"441" 441 3 4 2 2
"442" 442 4 1 1 2
"443" 443 3 5 6 5
"444" 444 3 5 4 4
"445" 445 1 2 2 3
"446" 446 3 2 2 3
"447" 447 4 4 5 5
"448" 448 3 3 4 6
"449" 449 3 2 2 3
"450" 450 3 3 3 4
"451" 451 3 3 2 3
"452" 452 5 2 2 3
"453" 453 4 2 2 3
"454" 454 4 2 1 2
"455" 455 5 1 1 3
"456" 456 4 4 2 2
"457" 457 3 3 3 3
"458" 458 4 3 3 5
"459" 459 5 2 2 3
"460" 460 4 2 1 2
"461" 461 5 2 2 3
"462" 462 4 5 1 3
"463" 463 5 7 7 8
"464" 464 3 1 1 2
"465" 465 5 1 1 3
"466" 466 3 2 2 3
"467" 467 5 4 2 2
"468" 468 3 1 1 2
"469" 469 4 4 3 3
"470" 470 4 4 4 3
"471" 471 3 1 1 2
"472" 472 3 5 2 3
"473" 473 2 1 1 2
"474" 474 1 2 2 2
"475" 475 2 2 2 2
"476" 476 3 4 2 2
"477" 477 4 3 1 1
"478" 478 3 2 2 3
"479" 479 3 2 2 3
"480" 480 5 5 6 5
"481" 481 5 1 1 2
"482" 482 3 6 2 2
"483" 483 4 3 3 3
"484" 484 3 2 2 3
"485" 485 3 1 1 3
"486" 486 2 1 2 3
"487" 487 5 1 1 2
"488" 488 4 4 4 6
"489" 489 3 3 2 2
"490" 490 4 4 4 4
"491" 491 3 4 1 1
"492" 492 3 2 2 3
"493" 493 4 2 2 3
"494" 494 3 3 2 2
"495" 495 4 4 3 3
"496" 496 2 2 2 3
"497" 497 2 2 4 5
"498" 498 5 7 1 1
"499" 499 4 4 2 2
"500" 500 5 2 2 3
"501" 501 5 4 4 4
